0
1
3
4
4
5
7
10
10
13
14
18
21
21
22
23
24
26
26
27
27
28
29
31
33
34
35
35
37
41
43
46
47
48
50
52
53
55
55
59
60
60
61
62
65
68
68
68
68
70
74
75
77
78
78
78
78
78
80
82
82
83
83
83
84
88
88
88
91
91
91
92
92
93
93
94
94
96
98
98
101
101
103
103
104
104
104
105
105
105
107
110
111
111
112
113
113
113
115
115
116
116
117
118
118
119
119
119
121
121
122
122
125
128
129
129
130
130
134
134
135
135
136
136
138
138
139
140
141
141
142
143
144
144
145
146
148
149
149
152
152
152
152
153
153
153
154
157
157
157
157
158
158
159
161
161
162
164
164
166
167
169
170
170
171
171
172
172
174
175
177
178
178
179
182
185
185
186
191
191
191
192
194
194
194
195
195
196
196
196
197
198
199
199
202
202
202
203
205
205
205
207
208
209
210
212
213
214
214
214
215
215
216
216
217
217
218
218
220
220
221
221
224
224
224
225
226
226
228
230
231
231
232
232
232
232
233
236
236
236
238
238
240
240
240
244
244
244
245
246
247
247
247
249
250
250
251
251
253
254
255
255
255
259
261
262
264
264
266
267
267
267
270
271
271
272
272
272
273
274
274
275
278
281
285
286
287
287
288
288
288
289
289
291
293
294
295
296
296
296
299
299
299
299
300
300
301
301
302
303
304
310
311
312
314
317
317
317
318
318
319
321
323
324
325
327
329
330
331
332
332
334
336
338
340
341
342
343
343
343
345
347
350
351
351
355
355
356
356
356
357
360
360
360
361
361
362
363
363
364
365
366
367
368
369
370
370
371
372
374
375
376
376
377
377
377
382
384
387
388
388
389
389
390
390
391
392
394
394
394
395
396
397
397
397
398
398
400
401
402
404
404
405
405
406
406
409
409
410
410
410
411
411
412
413
419
419
420
420
422
425
425
427
428
429
429
430
430
432
433
433
437
438
438
438
438
439
439
440
441
441
443
443
444
444
445
450
451
452
452
455
458
458
459
460
461
464
464
465
466
466
466
467
467
468
469
472
472
472
474
477
478
478
479
480
480
481
482
484
484
485
487
490
490
491
491
492
495
496
496
497
498
501
501
501
502
502
502
503
503
504
505
506
508
508
509
509
510
511
513
513
514
515
515
516
517
518
519
523
524
526
527
527
527
531
531
533
534
535
537
538
538
540
542
543
544
547
548
548
550
551
552
552
554
554
555
556
556
556
556
556
557
558
559
560
562
562
562
564
564
566
567
567
567
568
568
569
572
572
573
574
574
575
576
577
577
578
579
582
582
584
585
586
589
591
594
595
596
597
597
598
598
598
599
599
600
602
604
605
606
606
609
609
609
609
611
611
611
612
612
612
613
613
615
615
616
616
616
616
617
618
621
622
623
624
627
628
629
630
630
633
633
633
633
635
636
636
637
637
639
639
640
640
642
642
644
648
649
650
650
651
653
653
655
655
656
657
657
659
659
659
659
659
660
661
661
662
662
663
665
673
674
675
676
677
678
679
679
680
681
682
683
684
685
685
685
686
686
687
688
689
690
690
691
693
694
694
696
696
696
696
697
697
698
699
699
700
701
702
703
704
705
705
707
707
708
709
710
710
712
712
714
715
716
717
717
720
721
723
723
723
723
723
723
725
725
726
727
727
728
728
730
731
731
731
732
733
734
736
738
738
739
741
741
741
742
743
745
745
747
748
749
749
749
750
750
750
751
751
753
754
755
755
756
756
757
757
758
758
758
758
758
759
760
760
762
763
765
765
766
766
768
768
771
771
773
773
774
775
776
776
776
776
777
778
779
780
780
780
783
783
785
785
786
786
786
786
786
787
788
788
790
790
791
792
794
794
794
796
797
797
797
798
800
802
804
806
806
807
807
807
807
809
810
813
814
814
815
816
818
818
819
822
823
823
824
824
825
826
827
828
828
829
830
832
833
833
834
834
834
835
835
838
838
840
841
841
843
843
846
846
847
847
847
851
852
854
855
855
860
860
860
860
861
861
862
864
865
867
868
868
869
869
872
872
872
875
877
879
879
879
884
887
889
890
891
891
894
894
898
902
902
903
903
903
905
905
906
906
907
908
908
911
913
915
915
916
917
918
918
920
922
922
923
923
927
929
929
932
934
934
937
938
939
939
941
941
941
942
942
942
942
943
944
945
946
948
948
949
951
952
952
952
953
954
955
956
960
965
966
966
966
968
969
970
970
971
971
973
973
974
975
976
976
976
976
977
980
981
982
982
983
983
984
985
988
988
988
989
992
993
993
995
995
999
999
1002
1002
1003
1004
1004
1004
1005
1005
1006
1009
1009
1009
1009
1010
1011
1015
1015
1016
1016
1016
1017
1017
1019
1019
1020
1020
1020
1021
1022
1022
1023
1025
1026
1028
1029
1029
1030
1030
1031
1031
1031
1032
1033
1034
1035
1036
1037
1037
1038
1038
1044
1045
1045
1046
1048
1049
1049
1052
1053
1054
1056
1056
1056
1057
1058
1059
1060
1061
1061
1062
1063
1064
1066
1067
1067
1068
1069
1069
1070
1072
1072
1072
1073
1074
1076
1077
1078
1078
1080
1081
1087
1088
1090
1091
1091
1093
1094
1094
1097
1098
1099
1103
1104
1107
1108
1108
1109
1109
1109
1112
1114
1114
1115
1115
1117
1120
1121
1123
1123
1124
1125
1129
1129
1130
1130
1130
1131
1135
1135
1137
1138
1138
1138
1139
1141
1145
1145
1146
1146
1146
1147
1148
1148
1149
1154
1154
1155
1156
1156
1156
1157
1157
1159
1160
1163
1163
1164
1166
1167
1167
1169
1169
1170
1170
1170
1171
1171
1172
1172
1174
1174
1175
1175
1177
1177
1178
1178
1179
1179
1180
1181
1181
1184
1185
1185
1186
1187
1188
1188
1191
1192
1193
1194
1194
1197
1199
1202
1204
1205
1207
1207
1210
1212
1212
1213
1213
1214
1214
1216
1216
1220
1220
1221
1221
1222
1225
1228
1229
1230
1231
1233
1233
1234
1234
1234
1236
1239
1239
1241
1243
1245
1246
1246
1248
1249
1249
1250
1250
1251
1253
1253
1254
1255
1259
1259
1259
1262
1263
1263
1264
1265
1265
1266
1269
1269
1269
1270
1270
1270
1271
1271
1272
1273
1275
1275
1277
1277
1278
1278
1279
1279
1280
1280
1280
1281
1281
1281
1281
1282
1283
1283
1283
1284
1284
1286
1288
1288
1288
1290
1290
1292
1292
1296
1296
1296
1297
1297
1298
1298
1299
1303
1304
1305
1306
1306
1307
1309
1311
1312
1312
1313
1314
1315
1316
1317
1319
1319
1320
1321
1324
1324
1327
1329
1329
1329
1330
1330
1331
1331
1332
1332
1333
1336
1336
1337
1338
1339
1339
1341
1343
1345
1345
1345
1346
1346
1347
1347
1349
1350
1350
1350
1351
1352
1353
1353
1355
1356
1356
1357
1359
1361
1361
1361
1367
1369
1369
1369
1371
1371
1372
1373
1377
1378
1380
1380
1381
1382
1382
1383
1384
1385
1385
1385
1385
1387
1387
1388
1388
1388
1392
1394
1398
1399
1399
1405
1406
1407
1407
1407
1413
1414
1415
1415
1417
1417
1419
1420
1424
1426
1427
1432
1433
1435
1436
1437
1439
1441
1444
1444
1446
1447
1448
1449
1449
1450
1450
1451
1452
1455
1456
1458
1460
1460
1462
1462
1463
1464
1466
1466
1466
1467
1467
1468
1468
1470
1470
1471
1472
1473
1476
1477
1478
1479
1481
1481
1482
1484
1486
1486
1487
1488
1489
1490
1491
1491
1492
1493
1494
1494
1495
1496
1497
1499
1500
1500
1500
1502
1503
1504
1505
1508
1509
1509
1510
1512
1513
1513
1514
1516
1516
1517
1518
1518
1519
1520
1522
1523
1523
1524
1526
1526
1527
1529
1529
1530
1532
1533
1533
1535
1536
1537
1538
1538
1538
1539
1540
1540
1541
1542
1543
1543
1545
1546
1546
1547
1549
1550
1552
1554
1554
1554
1557
1557
1557
1557
1558
1558
1559
1560
1561
1561
1562
1563
1564
1565
1569
1570
1570
1571
1571
1571
1572
1573
1576
1576
1576
1577
1578
1579
1579
1580
1580
1582
1584
1584
1584
1589
1589
1590
1593
1594
1596
1597
1603
1604
1605
1607
1608
1609
1610
1610
1611
1612
1612
1613
1614
1617
1618
1618
1618
1619
1620
1621
1621
1621
1622
1623
1629
1631
1631
1632
1632
1635
1636
1636
1638
1639
1640
1640
1640
1640
1640
1643
1644
1645
1645
1646
1648
1648
1650
1651
1652
1656
1657
1659
1660
1660
1660
1662
1666
1667
1667
1667
1668
1669
1669
1669
1670
1672
1672
1672
1675
1676
1677
1678
1678
1678
1679
1680
1680
1682
1682
1682
1684
1684
1685
1686
1686
1687
1689
1689
1689
1689
1691
1692
1697
1698
1699
1701
1702
1702
1703
1703
1704
1705
1706
1706
1706
1706
1708
1708
1709
1711
1712
1712
1712
1715
1716
1716
1716
1717
1717
1717
1718
1719
1721
1722
1723
1724
1728
1729
1729
1729
1731
1731
1732
1733
1735
1735
1737
1737
1739
1739
1740
1741
1741
1742
1743
1743
1743
1744
1744
1749
1749
1754
1758
1758
1759
1759
1759
1762
1763
1765
1767
1767
1768
1769
1769
1770
1774
1775
1777
1779
1783
1783
1785
1785
1786
1791
1792
1796
1796
1798
1801
1801
1802
1803
1805
1807
1807
1807
1807
1809
1809
1809
1811
1814
1815
1816
1818
1823
1827
1827
1828
1832
1832
1833
1834
1834
1835
1837
1838
1838
1840
1841
1841
1842
1844
1844
1846
1846
1849
1853
1855
1855
1856
1856
1856
1857
1858
1858
1858
1858
1860
1862
1863
1865
1866
1868
1871
1872
1873
1875
1876
1877
1877
1878
1879
1880
1880
1883
1885
1886
1886
1888
1888
1888
1889
1889
1890
1890
1891
1892
1892
1893
1893
1893
1894
1894
1896
1898
1899
1899
1901
1901
1901
1902
1902
1903
1904
1907
1908
1909
1910
1911
1911
1914
1916
1917
1918
1919
1919
1920
1921
1925
1926
1926
1928
1929
1929
1934
1935
1936
1938
1938
1938
1938
1941
1941
1943
1943
1944
1944
1945
1945
1945
1946
1947
1949
1950
1950
1951
1951
1951
1952
1952
1952
1952
1955
1956
1958
1959
1960
1960
1961
1961
1961
1963
1964
1964
1966
1967
1967
1968
1968
1970
1971
1971
1973
1975
1975
1976
1976
1977
1979
1979
1979
1980
1980
1983
1983
1985
1986
1986
1988
1989
1989
1989
1991
1993
1994
1995
1996
1997
1997
1998
1998
2000
2000
2000
2001
2002
2003
2005
2006
2007
2008
2010
2010
2014
2015
2015
2016
2017
2018
2018
2019
2019
2019
2019
2022
2022
2023
2026
2027
2027
2030
2030
2031
2032
2033
2033
2034
2034
2035
2036
2036
2038
2039
2040
2040
2040
2040
2043
2043
2043
2043
2045
2047
2048
2048
2049
2049
2049
2051
2052
2053
2056
2058
2059
2059
2059
2061
2064
2065
2065
2067
2071
2072
2072
2072
2075
2075
2076
2077
2077
2077
2078
2078
2078
2079
2079
2080
2080
2082
2083
2084
2085
2085
2087
2089
2089
2089
2090
2091
2092
2094
2094
2096
2096
2098
2099
2100
2100
2101
2102
2103
2103
2104
2107
2107
2107
2108
2110
2112
2113
2114
2114
2114
2114
2115
2116
2118
2119
2119
2122
2123
2123
2124
2125
2126
2126
2127
2127
2129
2129
2129
2129
2130
2130
2133
2133
2133
2133
2134
2135
2135
2136
2137
2140
2140
2142
2144
2144
2146
2146
2146
2147
2147
2148
2149
2149
2155
2156
2156
2157
2157
2157
2159
2160
2161
2162
2165
2165
2168
2169
2170
2170
2170
2171
2172
2173
2177
2178
2178
2179
2179
2179
2179
2180
2181
2181
2182
2184
2185
2186
2191
2193
2195
2196
2196
2197
2198
2201
2204
2205
2205
2206
2207
2208
2209
2211
2212
2213
2214
2215
2215
2215
2216
2217
2218
2218
2219
2219
2220
2220
2221
2221
2222
2223
2224
2224
2225
2226
2226
2227
2228
2230
2231
2231
2231
2231
2231
2234
2234
2235
2237
2237
2239
2239
2239
2241
2244
2247
2248
2250
2251
2255
2256
2256
2258
2258
2259
2260
2260
2261
2262
2267
2267
2268
2269
2269
2270
2270
2272
2275
2275
2277
2279
2279
2280
2283
2284
2285
2287
2288
2291
2292
2292
2293
2296
2296
2296
2297
2297
2299
2300
2302
2302
2304
2305
2306
2310
2311
2312
2314
2314
2314
2314
2315
2317
2318
2318
2322
2322
2323
2323
2324
2324
2328
2328
2328
2329
2331
2331
2331
2331
2332
2332
2333
2333
2334
2336
2337
2337
2338
2338
2339
2342
2347
2347
2349
2349
2350
2350
2350
2351
2351
2352
2352
2353
2353
2355
2358
2359
2359
2360
2361
2362
2362
2362
2363
2364
2364
2364
2364
2365
2367
2369
2372
2373
2374
2375
2375
2378
2378
2378
2379
2379
2380
2381
2381
2381
2381
2381
2382
2382
2382
2383
2385
2387
2387
2388
2390
2391
2391
2396
2396
2398
2399
2399
2399
2399
2400
2401
2402
2402
2402
2402
2403
2403
2404
2405
2406
2406
2406
2407
2408
2409
2411
2412
2412
2413
2414
2415
2416
2416
2417
2417
2418
2418
2420
2421
2422
2423
2424
2424
2425
2425
2425
2426
2426
2427
2427
2428
2428
2429
2431
2432
2433
2436
2440
2441
2441
2443
2444
2444
2445
2445
2445
2446
2446
2447
2447
2448
2450
2450
2451
2452
2452
2452
2453
2453
2454
2454
2457
2458
2459
2459
2459
2459
2459
2459
2460
2460
2461
2461
2461
2462
2464
2467
2469
2472
2473
2474
2475
2475
2478
2479
2479
2480
2480
2481
2482
2483
2483
2484
2485
2486
2488
2488
2488
2489
2489
2491
2491
2493
2495
2495
2496
2496
2498
2499
2500
2500
2501
2502
2504
2505
2513
2513
2515
2516
2516
2517
2518
2519
2520
2521
2521
2523
2525
2525
2527
2529
2529
2529
2529
2530
2530
2530
2530
2531
2531
2531
2536
2536
2537
2537
2539
2540
2541
2542
2542
2542
2542
2542
2544
2545
2546
2546
2548
2549
2549
2550
2552
2553
2553
2554
2554
2554
2555
2556
2556
2556
2556
2556
2557
2557
2560
2561
2561
2561
2563
2564
2564
2565
2565
2566
2566
2566
2567
2567
2568
2568
2570
2570
2570
2571
2571
2572
2572
2576
2578
2579
2580
2580
2580
2581
2581
2583
2584
2584
2586
2587
2588
2590
2592
2593
2594
2596
2597
2597
2598
2599
2600
2603
2603
2604
2605
2608
2608
2609
2609
2609
2611
2612
2612
2613
2613
2613
2613
2614
2614
2614
2615
2616
2616
2617
2618
2618
2620
2621
2621
2622
2625
2626
2626
2626
2627
2627
2628
2628
2628
2628
2628
2630
2630
2633
2636
2637
2637
2638
2639
2642
2643
2643
2645
2646
2647
2647
2648
2650
2651
2652
2652
2654
2655
2655
2657
2661
2662
2662
2662
2663
2663
2664
2665
2668
2669
2669
2671
2671
2672
2673
2676
2676
2679
2681
2681
2686
2687
2689
2690
2691
2694
2694
2696
2697
2698
2700
2700
2701
2703
2704
2706
2707
2707
2708
2709
2710
2710
2711
2713
2714
2719
2720
2722
2723
2724
2726
2726
2727
2728
2732
2733
2735
2735
2736
2736
2738
2741
2743
2745
2747
2750
2751
2751
2752
2752
2753
2753
2754
2754
2756
2756
2756
2759
2761
2762
2763
2763
2764
2764
2768
2770
2771
2774
2777
2777
2778
2779
2779
2780
2780
2781
2782
2782
2783
2784
2785
2786
2786
2787
2787
2788
2790
2790
2793
2795
2801
2802
2804
2804
2805
2805
2806
2809
2811
2811
2813
2813
2814
2815
2815
2817
2817
2817
2818
2818
2820
2822
2824
2825
2825
2826
2826
2826
2827
2827
2828
2828
2830
2830
2831
2831
2833
2834
2842
2845
2846
2847
2847
2847
2848
2849
2849
2852
2853
2853
2855
2855
2858
2859
2860
2864
2866
2867
2868
2869
2870
2870
2870
2874
2874
2875
2875
2876
2877
2877
2880
2882
2883
2884
2885
2886
2887
2887
2889
2892
2892
2892
2893
2898
2898
2899
2899
2900
2900
2901
2902
2902
2902
2902
2905
2905
2906
2908
2911
2911
2912
2912
2912
2913
2916
2917
2918
2919
2919
2919
2922
2922
2923
2925
2926
2928
2929
2929
2930
2931
2932
2932
2933
2933
2936
2938
2938
2938
2940
2940
2942
2943
2944
2944
2945
2945
2946
2947
2948
2949
2949
2951
2952
2952
2953
2953
2954
2956
2956
2956
2958
2958
2960
2960
2960
2960
2961
2962
2963
2966
2967
2967
2967
2968
2968
2972
2976
2977
2978
2978
2983
2988
2989
2990
2992
2992
2993
2995
2996
2996
2996
2997
2998
2998
2998
3000
3001
3003
3003
3003
3003
3004
3004
3004
3005
3006
3007
3007
3007
3009
3009
3010
3010
3012
3013
3013
3014
3014
3014
3017
3017
3017
3018
3018
3018
3020
3021
3022
3022
3023
3023
3024
3026
3027
3028
3031
3036
3036
3037
3038
3039
3039
3042
3043
3044
3044
3045
3046
3046
3047
3049
3049
3052
3052
3052
3053
3055
3057
3057
3058
3058
3059
3059
3060
3060
3060
3061
3061
3062
3062
3063
3065
3066
3066
3068
3070
3070
3071
3072
3075
3077
3081
3083
3084
3084
3084
3086
3086
3090
3090
3091
3093
3094
3095
3095
3097
3097
3099
3099
3102
3102
3102
3103
3103
3103
3104
3104
3104
3106
3106
3107
3107
3108
3111
3112
3112
3114
3115
3116
3119
3124
3126
3126
3127
3128
3129
3132
3135
3136
3139
3140
3141
3142
3142
3143
3146
3147
3148
3149
3151
3152
3152
3156
3157
3157
3161
3162
3163
3164
3164
3165
3165
3165
3165
3167
3167
3167
3167
3167
3168
3168
3171
3171
3172
3173
3174
3180
3180
3181
3181
3182
3183
3183
3183
3183
3185
3185
3185
3187
3187
3188
3188
3188
3189
3189
3190
3190
3190
3192
3192
3194
3194
3194
3195
3196
3197
3197
3199
3201
3201
3202
3203
3206
3206
3207
3207
3208
3208
3211
3214
3215
3216
3216
3216
3221
3223
3225
3225
3225
3226
3226
3226
3227
3228
3231
3232
3233
3234
3239
3239
3242
3243
3244
3247
3247
3248
3249
3250
3250
3252
3253
3253
3253
3254
3255
3256
3257
3258
3260
3261
3261
3262
3263
3265
3265
3266
3267
3268
3268
3269
3272
3272
3273
3274
3275
3276
3277
3278
3279
3279
3279
3280
3280
3281
3281
3284
3288
3288
3288
3288
3289
3289
3289
3289
3290
3290
3292
3295
3296
3297
3297
3298
3299
3301
3301
3302
3303
3305
3307
3307
3308
3310
3310
3311
3314
3316
3317
3317
3319
3319
3320
3320
3321
3322
3323
3323
3325
3325
3330
3332
3333
3333
3335
3338
3339
3340
3340
3341
3342
3342
3344
3345
3345
3347
3348
3348
3348
3348
3350
3351
3351
3352
3352
3352
3352
3352
3352
3353
3353
3357
3358
3359
3361
3361
3362
3363
3365
3366
3367
3367
3367
3367
3372
3372
3372
3372
3373
3374
3375
3378
3378
3379
3379
3380
3380
3380
3382
3383
3386
3386
3389
3392
3392
3394
3394
3395
3396
3396
3397
3397
3402
3403
3404
3405
3406
3406
3407
3407
3408
3408
3408
3408
3408
3409
3409
3409
3410
3412
3412
3413
3413
3415
3415
3416
3416
3416
3417
3418
3418
3418
3420
3420
3424
3424
3425
3425
3426
3426
3428
3429
3430
3431
3433
3433
3435
3435
3435
3436
3437
3438
3440
3442
3442
3443
3443
3445
3445
3446
3449
3450
3451
3451
3453
3454
3456
3456
3457
3457
3459
3460
3460
3460
3461
3462
3465
3467
3468
3469
3469
3469
3473
3474
3475
3478
3480
3480
3483
3483
3483
3485
3485
3487
3487
3488
3490
3490
3491
3492
3493
3493
3495
3495
3496
3496
3496
3496
3498
3500
3500
3500
3501
3501
3503
3508
3508
3509
3509
3510
3511
3511
3512
3513
3514
3514
3515
3515
3515
3516
3516
3517
3517
3518
3519
3520
3521
3523
3524
3525
3526
3527
3529
3530
3531
3532
3532
3532
3533
3534
3536
3537
3537
3539
3539
3540
3540
3540
3543
3543
3544
3544
3545
3547
3548
3548
3551
3552
3552
3553
3555
3557
3558
3559
3559
3559
3560
3560
3560
3561
3562
3563
3563
3567
3567
3569
3571
3571
3572
3573
3574
3574
3575
3577
3577
3577
3580
3581
3581
3581
3583
3583
3584
3585
3586
3586
3587
3588
3591
3591
3592
3593
3594
3594
3597
3597
3598
3600
3601
3602
3602
3603
3605
3605
3607
3608
3608
3609
3610
3610
3612
3614
3614
3614
3615
3615
3615
3616
3617
3622
3623
3623
3624
3625
3625
3625
3626
3628
3628
3629
3631
3631
3631
3631
3632
3634
3635
3636
3637
3639
3639
3639
3640
3640
3640
3641
3641
3641
3645
3648
3649
3649
3649
3650
3650
3650
3651
3652
3653
3655
3655
3658
3659
3659
3660
3660
3660
3662
3662
3663
3664
3665
3666
3667
3668
3668
3668
3669
3670
3670
3676
3676
3679
3679
3680
3681
3682
3684
3686
3687
3687
3688
3688
3689
3689
3690
3691
3693
3693
3693
3693
3694
3695
3695
3695
3696
3696
3698
3699
3699
3701
3702
3703
3703
3703
3705
3705
3705
3706
3707
3708
3709
3710
3710
3711
3712
3713
3713
3715
3716
3718
3718
3718
3718
3718
3719
3720
3722
3722
3723
3724
3725
3726
3727
3729
3729
3732
3733
3734
3734
3734
3735
3736
3736
3736
3736
3737
3741
3742
3743
3743
3745
3745
3746
3747
3747
3747
3748
3749
3749
3750
3750
3752
3753
3755
3757
3759
3759
3760
3760
3761
3761
3764
3764
3765
3767
3768
3769
3770
3770
3771
3772
3772
3772
3775
3775
3776
3777
3777
3778
3781
3781
3781
3782
3783
3783
3784
3787
3790
3790
3790
3791
3792
3792
3792
3796
3797
3798
3798
3798
3799
3800
3800
3800
3801
3801
3801
3801
3804
3804
3804
3805
3806
3806
3811
3813
3813
3813
3815
3815
3815
3816
3817
3817
3818
3818
3818
3819
3820
3821
3821
3823
3824
3824
3824
3825
3825
3826
3826
3828
3829
3832
3832
3832
3835
3836
3838
3839
3839
3839
3841
3843
3843
3844
3844
3846
3846
3846
3847
3847
3849
3849
3851
3851
3854
3854
3854
3856
3858
3859
3860
3861
3862
3863
3865
3865
3866
3867
3868
3869
3869
3870
3870
3870
3870
3872
3872
3873
3873
3873
3874
3875
3875
3875
3876
3876
3879
3880
3880
3880
3880
3881
3881
3883
3884
3885
3886
3886
3887
3887
3888
3890
3891
3893
3893
3894
3895
3895
3895
3896
3898
3900
3900
3901
3903
3904
3904
3905
3905
3906
3906
3908
3909
3910
3911
3912
3913
3914
3915
3916
3917
3918
3919
3920
3921
3921
3922
3924
3925
3926
3926
3928
3929
3930
3931
3931
3932
3933
3935
3936
3936
3937
3940
3942
3943
3945
3947
3950
3951
3952
3953
3954
3956
3957
3957
3960
3961
3962
3962
3963
3965
3966
3966
3967
3968
3968
3969
3972
3972
3972
3976
3977
3977
3981
3981
3983
3986
3987
3987
3987
3988
3990
3990
3990
3991
3992
3993
3994
3996
3996
3997
3997
3997
3998
3998
3998
3999
4000
4000
4001
4001
4001
4004
4005
4006
4007
4010
4010
4011
4011
4012
4013
4014
4016
4021
4022
4024
4024
4025
4026
4026
4026
4027
4028
4029
4032
4033
4033
4034
4034
4034
4034
4038
4039
4040
4043
4043
4045
4046
4047
4049
4052
4052
4054
4055
4056
4057
4058
4058
4058
4058
4059
4059
4059
4060
4060
4061
4062
4062
4064
4065
4066
4068
4070
4071
4073
4074
4076
4079
4079
4080
4081
4083
4083
4084
4084
4087
4087
4088
4089
4098
4098
4099
4100
4100
4101
4102
4104
4106
4108
4110
4111
4111
4111
4113
4116
4118
4119
4119
4119
4119
4120
4121
4122
4122
4123
4127
4127
4129
4130
4131
4131
4133
4135
4137
4139
4139
4140
4141
4142
4144
4145
4145
4146
4146
4146
4147
4148
4149
4150
4150
4152
4152
4154
4155
4155
4156
4158
4158
4158
4159
4160
4160
4163
4163
4172
4173
4174
4175
4175
4176
4177
4181
4181
4181
4182
4182
4183
4184
4184
4184
4189
4190
4190
4191
4194
4196
4197
4197
4198
4199
4199
4200
4200
4201
4202
4203
4204
4205
4206
4207
4208
4209
4209
4211
4211
4212
4213
4213
4213
4213
4214
4214
4215
4216
4218
4218
4219
4220
4221
4222
4223
4224
4224
4226
4231
4234
4234
4236
4237
4239
4239
4240
4241
4241
4242
4242
4243
4243
4246
4247
4247
4248
4248
4249
4250
4252
4254
4255
4257
4259
4260
4260
4260
4261
4262
4263
4267
4269
4270
4270
4271
4272
4272
4273
4274
4276
4276
4276
4276
4276
4277
4278
4278
4278
4279
4279
4279
4280
4281
4281
4283
4283
4284
4284
4284
4285
4285
4285
4285
4286
4286
4287
4288
4289
4290
4290
4295
4295
4296
4297
4297
4299
4301
4305
4306
4306
4310
4313
4313
4314
4315
4315
4316
4316
4319
4319
4320
4321
4322
4322
4324
4327
4328
4328
4329
4329
4330
4330
4331
4331
4331
4334
4334
4335
4337
4341
4342
4343
4345
4346
4348
4349
4350
4352
4352
4354
4355
4355
4358
4359
4360
4361
4361
4362
4363
4365
4365
4367
4368
4369
4369
4370
4370
4373
4375
4375
4375
4376
4377
4377
4379
4379
4379
4380
4380
4381
4382
4382
4383
4383
4384
4386
4387
4387
4388
4389
4390
4395
4396
4396
4396
4397
4399
4399
4399
4401
4402
4404
4405
4405
4407
4407
4407
4407
4408
4408
4408
4409
4410
4410
4412
4413
4413
4413
4414
4416
4419
4419
4420
4420
4421
4424
4425
4427
4428
4429
4430
4433
4435
4435
4436
4436
4437
4437
4438
4438
4438
4441
4441
4442
4442
4442
4442
4442
4443
4445
4445
4445
4446
4446
4447
4447
4447
4450
4451
4454
4455
4455
4455
4457
4459
4459
4460
4461
4461
4462
4464
4466
4466
4467
4467
4469
4470
4470
4474
4474
4475
4475
4476
4476
4476
4477
4477
4477
4478
4478
4479
4482
4482
4482
4483
4485
4486
4488
4488
4489
4493
4494
4494
4496
4496
4497
4497
4498
4499
4502
4502
4503
4503
4504
4506
4506
4508
4508
4508
4509
4510
4511
4512
4512
4512
4514
4515
4517
4517
4518
4519
4520
4522
4523
4525
4527
4528
4528
4529
4530
4531
4533
4535
4535
4535
4537
4538
4538
4540
4541
4542
4542
4544
4546
4546
4546
4548
4550
4552
4552
4552
4553
4554
4554
4556
4557
4557
4558
4559
4563
4564
4564
4565
4566
4566
4566
4567
4567
4571
4571
4573
4574
4575
4576
4576
4577
4578
4581
4582
4583
4584
4584
4585
4585
4587
4587
4587
4589
4591
4592
4594
4595
4595
4597
4597
4599
4599
4600
4601
4602
4602
4602
4603
4604
4605
4606
4606
4608
4609
4609
4612
4613
4613
4616
4616
4617
4618
4619
4619
4620
4622
4624
4625
4626
4626
4627
4628
4630
4630
4631
4633
4633
4636
4639
4640
4640
4641
4642
4645
4647
4648
4648
4648
4650
4651
4652
4653
4653
4653
4656
4658
4658
4659
4659
4660
4661
4662
4662
4663
4664
4665
4665
4666
4668
4668
4670
4670
4670
4672
4672
4673
4673
4674
4675
4675
4675
4675
4675
4676
4678
4679
4679
4680
4681
4681
4681
4681
4682
4683
4683
4684
4685
4686
4687
4687
4688
4689
4690
4691
4692
4695
4695
4695
4697
4698
4698
4699
4700
4702
4702
4705
4705
4707
4707
4710
4711
4712
4713
4714
4716
4717
4718
4718
4718
4719
4720
4722
4723
4724
4724
4725
4727
4730
4731
4732
4732
4735
4735
4737
4737
4738
4739
4740
4741
4741
4741
4743
4743
4744
4745
4745
4752
4753
4754
4755
4755
4756
4757
4758
4758
4759
4759
4759
4759
4760
4762
4764
4764
4766
4766
4767
4769
4769
4769
4769
4770
4770
4771
4771
4772
4772
4776
4777
4778
4780
4781
4781
4781
4785
4785
4786
4786
4790
4791
4792
4795
4797
4797
4798
4799
4800
4801
4803
4803
4804
4806
4807
4808
4809
4811
4811
4813
4813
4814
4817
4817
4818
4819
4819
4822
4822
4824
4824
4825
4827
4827
4828
4828
4828
4828
4830
4832
4833
4836
4837
4838
4838
4839
4839
4839
4840
4842
4843
4844
4846
4846
4847
4852
4856
4857
4857
4859
4861
4861
4862
4865
4865
4865
4869
4869
4871
4871
4872
4872
4872
4874
4875
4877
4877
4877
4878
4879
4880
4882
4883
4884
4886
4886
4887
4887
4888
4888
4890
4890
4891
4892
4893
4894
4894
4895
4897
4897
4897
4898
4900
4900
4901
4901
4901
4901
4901
4902
4903
4905
4905
4905
4906
4908
4909
4912
4915
4916
4916
4916
4917
4919
4919
4920
4924
4927
4927
4927
4927
4929
4929
4930
4930
4930
4931
4932
4932
4933
4934
4935
4936
4938
4939
4940
4940
4941
4943
4946
4946
4946
4947
4947
4948
4951
4951
4952
4953
4953
4953
4954
4954
4955
4957
4958
4961
4961
4962
4962
4962
4962
4963
4964
4964
4965
4968
4968
4969
4970
4971
4972
4974
4976
4977
4978
4980
4981
4982
4982
4983
4985
4985
4987
4988
4988
4989
4989
4990
4990
4992
4992
4993
4994
4996
4996
4996
4998
4999
5002
5004
5004
5005
5005
5006
5006
5006
5007
5007
5009
5009
5012
5012
5014
5014
5014
5015
5016
5016
5017
5018
5018
5019
5019
5019
5021
5022
5023
5024
5025
5025
5025
5028
5029
5030
5031
5031
5031
5032
5036
5036
5037
5038
5038
5039
5040
5040
5041
5042
5042
5044
5046
5046
5046
5048
5049
5050
5051
5051
5052
5054
5055
5056
5056
5058
5061
5061
5062
5062
5067
5067
5068
5068
5068
5069
5069
5070
5070
5070
5072
5072
5073
5073
5074
5076
5076
5076
5077
5078
5079
5080
5080
5081
5082
5082
5083
5084
5084
5085
5087
5088
5088
5089
5090
5091
5091
5095
5097
5097
5098
5098
5098
5099
5099
5101
5101
5103
5105
5106
5106
5107
5109
5109
5110
5110
5111
5114
5115
5116
5116
5117
5117
5118
5118
5118
5119
5120
5120
5121
5122
5123
5123
5123
5125
5126
5126
5126
5129
5132
5132
5133
5133
5134
5136
5136
5136
5136
5138
5138
5138
5139
5139
5140
5141
5141
5143
5143
5143
5145
5146
5146
5146
5147
5148
5149
5150
5150
5152
5152
5153
5154
5154
5157
5157
5157
5158
5159
5159
5159
5160
5161
5162
5164
5167
5168
5168
5170
5170
5171
5172
5172
5173
5176
5176
5178
5179
5180
5182
5182
5183
5183
5185
5185
5186
5186
5186
5187
5188
5190
5190
5192
5193
5193
5197
5199
5200
5200
5202
5202
5205
5205
5206
5207
5208
5208
5208
5209
5210
5212
5212
5212
5214
5214
5214
5216
5216
5218
5218
5221
5221
5224
5226
5227
5227
5229
5231
5232
5233
5236
5236
5237
5237
5237
5238
5239
5240
5241
5243
5243
5248
5249
5249
5250
5250
5251
5252
5256
5258
5259
5260
5260
5260
5262
5263
5264
5265
5266
5269
5271
5272
5273
5273
5274
5274
5274
5275
5277
5278
5279
5279
5281
5283
5284
5284
5285
5285
5286
5288
5289
5289
5289
5289
5289
5290
5291
5291
5291
5293
5293
5293
5294
5295
5295
5296
5298
5299
5299
5299
5299
5300
5301
5302
5303
5303
5303
5304
5304
5304
5307
5309
5312
5315
5316
5316
5317
5317
5319
5319
5320
5320
5322
5322
5322
5322
5322
5324
5326
5327
5327
5330
5330
5331
5332
5332
5333
5333
5334
5334
5335
5335
5335
5336
5336
5336
5337
5337
5337
5337
5338
5343
5343
5343
5344
5347
5348
5348
5349
5351
5352
5354
5355
5356
5356
5357
5358
5358
5360
5360
5360
5362
5364
5364
5366
5366
5367
5369
5370
5370
5370
5371
5371
5373
5374
5376
5377
5378
5378
5382
5382
5383
5383
5384
5385
5385
5386
5389
5389
5389
5390
5391
5391
5391
5391
5391
5392
5392
5393
5393
5393
5394
5394
5398
5399
5402
5404
5404
5406
5406
5408
5408
5409
5410
5410
5413
5413
5415
5415
5417
5417
5418
5422
5423
5423
5424
5424
5425
5427
5429
5432
5433
5436
5437
5438
5439
5440
5441
5441
5442
5442
5445
5448
5448
5448
5450
5452
5453
5453
5456
5457
5457
5458
5460
5461
5461
5462
5462
5463
5463
5463
5464
5467
5471
5473
5474
5475
5475
5475
5476
5477
5477
5479
5479
5480
5480
5481
5481
5482
5483
5484
5485
5485
5485
5486
5489
5491
5493
5494
5495
5496
5497
5498
5498
5502
5502
5503
5504
5508
5508
5509
5510
5510
5511
5514
5514
5516
5517
5517
5519
5524
5525
5527
5528
5529
5530
5531
5531
5532
5532
5532
5532
5533
5533
5534
5536
5539
5539
5539
5539
5539
5541
5545
5547
5549
5550
5552
5553
5554
5555
5555
5555
5556
5557
5557
5558
5558
5559
5560
5561
5561
5562
5562
5563
5564
5565
5568
5568
5572
5573
5574
5575
5576
5576
5576
5578
5578
5579
5580
5580
5580
5581
5581
5582
5583
5583
5585
5589
5590
5590
5590
5591
5591
5591
5592
5594
5595
5596
5596
5598
5599
5599
5599
5600
5602
5603
5603
5605
5605
5606
5606
5608
5609
5609
5610
5612
5613
5613
5616
5616
5617
5617
5618
5618
5619
5620
5621
5622
5624
5624
5624
5624
5625
5625
5627
5629
5630
5630
5631
5633
5634
5634
5634
5634
5634
5635
5636
5637
5637
5637
5640
5640
5641
5642
5643
5645
5646
5647
5647
5648
5649
5649
5650
5652
5652
5652
5652
5653
5653
5653
5654
5656
5659
5659
5663
5664
5664
5665
5666
5668
5668
5669
5674
5676
5677
5678
5680
5681
5681
5681
5681
5682
5684
5684
5686
5688
5690
5690
5691
5694
5694
5695
5696
5696
5697
5697
5698
5699
5700
5700
5700
5701
5703
5704
5704
5705
5705
5706
5706
5706
5707
5711
5716
5716
5717
5719
5720
5720
5721
5721
5722
5722
5723
5723
5724
5724
5725
5725
5726
5727
5728
5729
5730
5731
5732
5732
5732
5732
5734
5734
5734
5737
5739
5740
5740
5740
5741
5742
5742
5746
5746
5747
5748
5748
5748
5749
5749
5751
5752
5753
5753
5754
5756
5757
5761
5761
5761
5762
5762
5764
5765
5770
5770
5772
5772
5772
5774
5774
5775
5777
5778
5779
5782
5783
5783
5784
5784
5785
5786
5787
5788
5789
5791
5792
5793
5793
5795
5798
5799
5801
5802
5802
5802
5804
5804
5804
5805
5805
5807
5807
5808
5808
5809
5809
5810
5812
5816
5818
5818
5818
5820
5821
5821
5821
5821
5826
5828
5828
5828
5829
5829
5830
5831
5834
5834
5834
5835
5838
5840
5841
5845
5845
5845
5846
5847
5847
5848
5848
5849
5849
5850
5851
5852
5852
5856
5859
5861
5862
5863
5864
5864
5865
5869
5869
5870
5870
5871
5871
5871
5872
5874
5876
5879
5880
5880
5881
5881
5885
5886
5886
5886
5888
5894
5895
5895
5895
5898
5898
5899
5900
5900
5902
5905
5906
5907
5908
5911
5911
5911
5913
5914
5915
5915
5916
5917
5917
5917
5917
5918
5918
5918
5920
5920
5921
5922
5922
5923
5923
5924
5925
5925
5925
5925
5928
5929
5930
5930
5930
5931
5932
5934
5936
5938
5939
5940
5941
5941
5941
5942
5942
5943
5944
5947
5947
5948
5949
5950
5950
5950
5951
5951
5953
5953
5953
5954
5954
5955
5958
5958
5960
5960
5963
5963
5964
5966
5968
5970
5971
5972
5973
5975
5977
5980
5981
5981
5982
5985
5985
5985
5987
5988
5988
5989
5989
5990
5990
5990
5992
5994
5995
5997
5998
6001
6001
6003
6004
6004
6004
6006
6007
6007
6007
6009
6013
6014
6014
6015
6016
6016
6016
6016
6017
6018
6020
6022
6022
6022
6023
6026
6028
6030
6031
6031
6031
6031
6031
6032
6034
6037
6037
6039
6041
6041
6042
6042
6042
6043
6044
6045
6045
6046
6048
6049
6050
6051
6052
6053
6054
6055
6057
6057
6058
6058
6058
6063
6067
6069
6071
6072
6073
6073
6073
6074
6075
6075
6078
6079
6083
6083
6083
6083
6084
6085
6086
6087
6087
6090
6090
6095
6096
6096
6097
6097
6098
6098
6099
6099
6099
6099
6100
6102
6102
6103
6103
6104
6106
6106
6107
6107
6109
6110
6110
6111
6111
6113
6114
6114
6114
6116
6116
6117
6117
6118
6120
6121
6121
6121
6121
6123
6124
6124
6126
6126
6127
6128
6131
6131
6131
6132
6132
6133
6134
6137
6137
6138
6140
6140
6141
6142
6142
6142
6144
6144
6144
6145
6146
6148
6149
6153
6155
6155
6156
6159
6161
6162
6163
6165
6165
6166
6167
6168
6169
6170
6172
6173
6174
6174
6175
6176
6176
6178
6178
6178
6179
6179
6180
6181
6181
6181
6182
6182
6183
6183
6186
6187
6187
6188
6188
6189
6190
6192
6193
6194
6194
6195
6195
6195
6196
6196
6197
6199
6199
6199
6200
6200
6202
6202
6203
6203
6203
6203
6204
6205
6206
6206
6207
6207
6207
6208
6208
6210
6212
6213
6213
6213
6214
6214
6215
6218
6218
6221
6223
6225
6227
6229
6231
6233
6235
6236
6236
6237
6237
6238
6239
6239
6239
6239
6239
6240
6242
6244
6244
6244
6245
6247
6247
6248
6249
6251
6251
6252
6253
6253
6255
6256
6256
6257
6257
6257
6258
6258
6262
6262
6263
6264
6265
6265
6268
6269
6270
6271
6272
6274
6274
6276
6277
6279
6280
6280
6281
6281
6282
6282
6288
6288
6290
6292
6293
6294
6295
6300
6300
6300
6300
6302
6302
6305
6308
6311
6311
6312
6312
6313
6314
6317
6317
6317
6318
6319
6319
6320
6322
6322
6324
6325
6325
6325
6326
6327
6328
6329
6331
6332
6333
6333
6333
6334
6334
6334
6335
6335
6338
6338
6338
6339
6339
6339
6340
6342
6342
6343
6344
6345
6346
6348
6349
6349
6349
6350
6351
6352
6352
6353
6355
6355
6356
6356
6359
6359
6360
6361
6361
6362
6363
6363
6364
6365
6366
6366
6369
6369
6370
6370
6371
6371
6373
6374
6374
6375
6376
6377
6384
6385
6386
6388
6394
6394
6394
6396
6396
6396
6398
6399
6400
6400
6403
6405
6407
6408
6408
6410
6410
6412
6413
6414
6416
6417
6418
6419
6421
6424
6424
6425
6428
6429
6433
6433
6433
6434
6436
6436
6436
6437
6440
6441
6441
6441
6441
6443
6443
6444
6445
6446
6446
6446
6447
6447
6448
6451
6451
6451
6452
6453
6453
6453
6454
6454
6457
6457
6458
6458
6458
6459
6459
6460
6460
6462
6462
6464
6466
6468
6468
6471
6471
6471
6472
6472
6474
6475
6475
6476
6477
6478
6478
6480
6481
6481
6486
6486
6487
6487
6488
6488
6491
6494
6495
6495
6497
6500
6500
6501
6501
6501
6502
6503
6506
6506
6506
6507
6509
6509
6510
6510
6511
6511
6512
6513
6515
6517
6517
6521
6524
6524
6524
6525
6527
6527
6527
6529
6531
6531
6531
6532
6537
6538
6540
6542
6542
6544
6545
6547
6548
6549
6551
6552
6552
6554
6555
6559
6560
6561
6562
6562
6566
6566
6567
6567
6570
6571
6571
6571
6573
6574
6574
6574
6574
6575
6575
6575
6576
6576
6578
6578
6579
6579
6580
6581
6583
6584
6585
6585
6585
6585
6586
6586
6587
6588
6589
6589
6592
6592
6592
6592
6593
6594
6596
6596
6597
6600
6600
6601
6602
6604
6604
6604
6606
6607
6609
6610
6614
6614
6615
6616
6616
6621
6624
6624
6625
6625
6626
6627
6630
6631
6634
6634
6635
6637
6637
6638
6639
6640
6641
6642
6644
6644
6644
6646
6646
6647
6647
6647
6649
6650
6652
6653
6655
6657
6658
6658
6660
6661
6662
6663
6664
6664
6665
6666
6666
6668
6668
6669
6669
6670
6671
6671
6671
6674
6675
6675
6676
6677
6678
6679
6679
6680
6680
6681
6683
6684
6685
6685
6686
6686
6688
6688
6691
6691
6693
6693
6694
6696
6697
6697
6697
6701
6702
6702
6703
6705
6705
6708
6708
6710
6711
6712
6713
6714
6714
6715
6716
6717
6720
6722
6722
6723
6724
6725
6726
6727
6727
6729
6729
6729
6730
6735
6735
6736
6736
6737
6739
6740
6741
6742
6742
6742
6742
6743
6743
6743
6744
6744
6747
6750
6751
6756
6756
6756
6757
6758
6761
6762
6763
6765
6766
6768
6773
6774
6774
6775
6775
6775
6776
6777
6777
6781
6782
6786
6787
6787
6787
6790
6790
6790
6790
6793
6794
6795
6795
6795
6796
6797
6797
6798
6799
6801
6801
6801
6801
6802
6803
6804
6804
6805
6807
6808
6812
6816
6816
6818
6819
6820
6820
6821
6822
6822
6826
6826
6827
6828
6831
6831
6832
6832
6833
6833
6836
6837
6839
6843
6845
6847
6849
6850
6850
6852
6853
6854
6855
6857
6858
6859
6859
6859
6860
6862
6862
6863
6864
6866
6867
6867
6867
6868
6868
6868
6870
6871
6871
6871
6871
6872
6875
6875
6875
6876
6876
6878
6880
6881
6881
6882
6882
6883
6883
6883
6884
6890
6890
6890
6891
6892
6893
6894
6894
6897
6897
6897
6898
6898
6898
6899
6900
6900
6900
6902
6903
6903
6905
6905
6905
6907
6908
6908
6910
6911
6912
6913
6914
6915
6916
6916
6917
6918
6918
6920
6921
6922
6923
6924
6927
6928
6929
6932
6932
6934
6934
6934
6935
6936
6937
6937
6938
6938
6939
6939
6940
6941
6941
6944
6944
6945
6945
6946
6946
6946
6947
6947
6947
6948
6951
6952
6953
6953
6954
6956
6956
6958
6958
6960
6960
6961
6961
6962
6962
6962
6963
6963
6964
6964
6965
6966
6966
6966
6970
6971
6973
6976
6976
6978
6980
6982
6983
6983
6984
6985
6985
6987
6987
6988
6988
6988
6990
6991
6993
6995
6995
6995
6996
6999
7000
7000
7001
7003
7004
7004
7006
7007
7008
7009
7009
7010
7011
7011
7011
7015
7017
7017
7018
7020
7020
7020
7021
7021
7022
7024
7024
7026
7027
7027
7027
7028
7030
7031
7034
7035
7035
7036
7037
7040
7040
7042
7043
7044
7044
7045
7045
7045
7046
7046
7047
7048
7048
7049
7049
7050
7050
7050
7053
7054
7055
7055
7056
7056
7058
7059
7060
7061
7061
7062
7063
7064
7065
7066
7066
7066
7067
7067
7071
7072
7072
7075
7077
7078
7078
7078
7078
7079
7079
7082
7084
7084
7088
7088
7089
7094
7096
7097
7097
7098
7099
7100
7100
7101
7102
7102
7104
7105
7105
7108
7111
7111
7112
7113
7114
7115
7115
7116
7119
7119
7119
7120
7120
7121
7121
7122
7122
7122
7124
7125
7126
7127
7129
7129
7130
7130
7131
7132
7133
7134
7134
7135
7137
7137
7138
7138
7139
7140
7141
7141
7142
7144
7145
7146
7147
7148
7148
7149
7152
7152
7153
7155
7157
7158
7158
7160
7161
7162
7167
7168
7168
7169
7169
7171
7171
7173
7174
7175
7175
7175
7175
7175
7176
7176
7177
7177
7178
7178
7178
7181
7181
7182
7183
7183
7183
7184
7184
7186
7187
7187
7188
7189
7190
7191
7191
7191
7193
7194
7195
7196
7197
7198
7198
7198
7199
7199
7201
7201
7201
7203
7207
7207
7207
7207
7208
7208
7209
7211
7213
7213
7213
7218
7219
7219
7219
7221
7222
7222
7223
7223
7224
7226
7226
7228
7231
7234
7235
7236
7236
7237
7237
7238
7239
7240
7240
7241
7242
7243
7245
7246
7246
7248
7248
7248
7252
7253
7254
7254
7256
7258
7259
7259
7260
7261
7265
7267
7268
7269
7271
7272
7273
7273
7274
7274
7274
7275
7275
7275
7276
7276
7279
7280
7280
7281
7285
7286
7287
7287
7287
7288
7289
7291
7292
7293
7295
7298
7298
7299
7300
7301
7301
7303
7305
7307
7308
7312
7312
7318
7319
7319
7320
7320
7321
7321
7322
7323
7323
7324
7324
7326
7326
7327
7329
7331
7333
7333
7334
7336
7337
7337
7338
7338
7339
7339
7341
7341
7341
7341
7341
7342
7344
7344
7346
7348
7351
7351
7351
7353
7353
7354
7354
7355
7359
7360
7360
7361
7363
7364
7365
7367
7368
7368
7369
7370
7373
7374
7375
7377
7378
7379
7379
7379
7379
7380
7383
7384
7384
7385
7385
7385
7385
7388
7392
7392
7392
7393
7395
7396
7400
7400
7400
7401
7402
7402
7403
7403
7406
7408
7410
7410
7410
7410
7412
7414
7417
7417
7417
7417
7417
7419
7420
7420
7423
7424
7424
7424
7424
7425
7426
7428
7429
7430
7433
7435
7436
7437
7437
7438
7443
7443
7443
7445
7449
7449
7450
7450
7451
7451
7453
7455
7456
7457
7457
7457
7458
7461
7461
7463
7465
7465
7466
7467
7467
7470
7471
7472
7475
7475
7477
7479
7481
7482
7482
7484
7487
7487
7488
7490
7490
7490
7491
7493
7494
7495
7498
7498
7499
7500
7500
7500
7500
7503
7506
7506
7507
7511
7512
7513
7515
7517
7517
7518
7520
7521
7521
7521
7523
7523
7523
7525
7525
7525
7525
7526
7527
7528
7529
7531
7532
7533
7536
7537
7538
7539
7540
7541
7541
7541
7542
7544
7545
7547
7549
7551
7553
7553
7556
7557
7558
7560
7561
7562
7564
7564
7565
7565
7565
7565
7566
7566
7568
7569
7569
7570
7571
7571
7572
7573
7574
7574
7576
7578
7578
7580
7583
7584
7585
7585
7585
7587
7587
7587
7588
7588
7590
7592
7593
7593
7594
7596
7598
7598
7598
7599
7600
7600
7600
7601
7601
7602
7602
7603
7603
7604
7604
7604
7604
7605
7606
7607
7607
7608
7609
7609
7610
7610
7610
7612
7615
7615
7615
7616
7617
7617
7618
7619
7624
7624
7626
7626
7627
7627
7628
7630
7631
7631
7631
7632
7637
7643
7644
7644
7645
7646
7646
7648
7649
7649
7652
7654
7654
7655
7655
7656
7656
7656
7660
7662
7665
7665
7665
7666
7666
7666
7667
7669
7669
7669
7669
7670
7670
7671
7671
7673
7673
7674
7674
7676
7677
7680
7680
7680
7682
7683
7683
7683
7683
7684
7685
7688
7690
7692
7692
7692
7692
7693
7694
7695
7696
7696
7696
7698
7699
7699
7699
7702
7705
7706
7706
7707
7708
7708
7709
7709
7712
7714
7715
7717
7719
7720
7721
7721
7722
7722
7723
7723
7724
7724
7727
7728
7730
7730
7731
7731
7731
7733
7735
7735
7735
7738
7739
7739
7739
7740
7745
7746
7746
7746
7749
7749
7749
7750
7753
7755
7756
7757
7757
7760
7761
7762
7763
7763
7763
7765
7765
7767
7767
7768
7768
7770
7770
7771
7772
7772
7773
7773
7777
7777
7778
7779
7780
7780
7782
7782
7785
7787
7787
7790
7790
7793
7796
7796
7796
7796
7797
7801
7802
7803
7805
7805
7808
7808
7809
7810
7810
7810
7811
7812
7812
7812
7813
7813
7813
7814
7815
7815
7817
7817
7817
7818
7818
7819
7820
7821
7822
7824
7825
7825
7826
7828
7828
7829
7829
7829
7831
7832
7836
7837
7838
7840
7841
7843
7844
7844
7844
7846
7846
7846
7846
7846
7848
7849
7849
7850
7852
7852
7853
7853
7853
7855
7856
7856
7857
7859
7860
7861
7862
7866
7868
7869
7869
7871
7874
7876
7878
7878
7878
7878
7878
7881
7881
7882
7883
7883
7884
7884
7884
7884
7885
7887
7888
7888
7889
7891
7893
7893
7893
7894
7896
7897
7898
7899
7901
7902
7904
7906
7907
7907
7908
7908
7908
7909
7909
7914
7914
7915
7915
7916
7918
7918
7920
7920
7921
7921
7921
7922
7924
7925
7925
7925
7926
7927
7929
7929
7931
7932
7934
7935
7935
7936
7937
7937
7937
7937
7938
7939
7939
7939
7940
7941
7941
7941
7942
7944
7949
7949
7949
7950
7950
7952
7954
7955
7956
7957
7959
7960
7961
7961
7961
7963
7964
7964
7965
7966
7967
7967
7970
7971
7971
7972
7972
7973
7974
7976
7978
7981
7981
7981
7985
7985
7986
7988
7988
7989
7990
7990
7992
7993
7993
7995
7997
7997
7998
7999
8000
8000
8002
8003
8004
8004
8005
8005
8005
8007
8008
8008
8010
8014
8014
8015
8015
8016
8018
8018
8022
8022
8024
8025
8026
8027
8027
8028
8030
8031
8031
8034
8035
8035
8036
8036
8036
8036
8037
8039
8039
8040
8040
8041
8041
8042
8044
8044
8045
8045
8047
8047
8047
8048
8050
8051
8052
8052
8054
8054
8056
8057
8058
8059
8059
8061
8064
8065
8066
8066
8066
8068
8068
8072
8073
8073
8076
8077
8077
8078
8078
8080
8081
8082
8085
8086
8086
8087
8088
8088
8091
8092
8094
8094
8095
8096
8097
8098
8098
8099
8099
8101
8102
8103
8104
8105
8105
8105
8107
8108
8112
8115
8115
8116
8117
8118
8118
8119
8121
8121
8123
8124
8124
8124
8126
8126
8127
8130
8131
8132
8132
8135
8136
8137
8138
8139
8140
8141
8142
8143
8144
8146
8146
8147
8148
8148
8149
8150
8150
8151
8153
8159
8160
8161
8161
8161
8162
8163
8163
8165
8168
8169
8169
8171
8173
8173
8174
8176
8177
8180
8181
8183
8184
8184
8188
8192
8192
8193
8196
8199
8201
8201
8201
8202
8204
8206
8206
8209
8210
8210
8211
8211
8213
8213
8219
8219
8220
8220
8221
8221
8223
8223
8223
8224
8225
8225
8227
8228
8231
8231
8232
8234
8235
8236
8236
8239
8239
8240
8240
8241
8241
8241
8242
8243
8243
8244
8245
8246
8246
8247
8247
8247
8247
8249
8250
8253
8254
8256
8256
8256
8257
8261
8262
8263
8263
8264
8264
8264
8264
8265
8265
8266
8267
8267
8267
8268
8270
8272
8274
8274
8277
8277
8277
8278
8279
8280
8280
8280
8281
8282
8285
8285
8285
8288
8290
8290
8291
8291
8293
8293
8293
8294
8295
8295
8295
8296
8296
8297
8298
8299
8300
8301
8302
8302
8304
8305
8305
8305
8307
8308
8310
8310
8311
8312
8312
8314
8316
8317
8320
8320
8320
8321
8321
8322
8322
8322
8324
8325
8325
8325
8326
8326
8327
8328
8329
8329
8330
8332
8335
8335
8338
8339
8339
8340
8340
8341
8344
8345
8346
8347
8347
8348
8349
8350
8350
8350
8352
8352
8353
8355
8355
8355
8356
8359
8359
8359
8359
8360
8360
8360
8361
8363
8365
8365
8365
8366
8367
8367
8369
8369
8370
8370
8372
8373
8373
8374
8374
8376
8376
8376
8376
8377
8380
8380
8381
8383
8383
8383
8383
8383
8384
8384
8384
8386
8387
8387
8388
8388
8388
8389
8390
8391
8393
8393
8394
8395
8396
8397
8397
8399
8399
8402
8402
8402
8403
8405
8408
8409
8410
8410
8411
8412
8412
8413
8413
8416
8416
8419
8419
8420
8422
8423
8424
8426
8426
8427
8427
8427
8427
8427
8428
8428
8429
8429
8429
8429
8432
8432
8433
8435
8435
8436
8436
8436
8437
8439
8445
8445
8446
8446
8448
8450
8451
8451
8451
8452
8452
8452
8453
8457
8458
8459
8459
8459
8459
8462
8464
8464
8464
8464
8465
8466
8467
8468
8468
8468
8469
8469
8470
8471
8471
8473
8474
8480
8481
8483
8483
8483
8483
8484
8485
8485
8485
8485
8486
8490
8492
8492
8493
8493
8494
8495
8496
8497
8498
8498
8499
8499
8501
8501
8502
8502
8502
8506
8508
8509
8509
8511
8511
8511
8511
8512
8515
8517
8517
8523
8524
8524
8525
8526
8528
8530
8531
8532
8534
8534
8536
8537
8537
8538
8539
8541
8541
8543
8543
8545
8547
8548
8548
8550
8551
8552
8553
8555
8555
8555
8556
8556
8556
8557
8558
8559
8560
8561
8561
8561
8563
8564
8564
8565
8567
8569
8570
8571
8572
8573
8573
8575
8576
8579
8581
8581
8583
8583
8584
8585
8587
8589
8590
8591
8594
8594
8594
8596
8597
8597
8598
8598
8599
8602
8603
8603
8604
8605
8606
8607
8610
8610
8611
8612
8614
8617
8618
8618
8618
8618
8620
8621
8621
8622
8623
8623
8624
8625
8626
8626
8626
8626
8627
8629
8630
8631
8631
8632
8632
8634
8634
8638
8638
8638
8640
8640
8641
8642
8643
8644
8645
8646
8649
8649
8650
8651
8652
8654
8655
8656
8656
8657
8657
8658
8659
8659
8661
8663
8664
8665
8665
8666
8669
8670
8671
8671
8673
8673
8674
8674
8674
8676
8677
8677
8680
8680
8681
8681
8682
8684
8684
8684
8687
8687
8687
8688
8689
8690
8690
8693
8693
8694
8695
8695
8697
8698
8699
8699
8700
8700
8701
8702
8705
8705
8705
8706
8707
8707
8707
8708
8709
8709
8709
8709
8710
8710
8711
8712
8712
8714
8715
8718
8718
8720
8721
8722
8723
8723
8724
8725
8725
8727
8727
8731
8733
8733
8733
8734
8735
8738
8739
8740
8740
8742
8742
8743
8743
8744
8744
8744
8744
8745
8745
8746
8746
8746
8747
8749
8750
8753
8755
8756
8757
8758
8758
8759
8760
8760
8760
8761
8761
8761
8764
8766
8766
8767
8768
8770
8771
8772
8772
8776
8780
8780
8781
8782
8784
8784
8784
8784
8784
8785
8786
8786
8787
8787
8788
8788
8789
8790
8790
8790
8791
8792
8794
8794
8795
8796
8796
8798
8798
8798
8798
8799
8799
8800
8800
8800
8801
8801
8801
8803
8803
8803
8804
8808
8812
8813
8815
8815
8817
8818
8819
8820
8822
8823
8825
8827
8828
8829
8830
8830
8831
8831
8832
8834
8834
8835
8835
8836
8836
8836
8837
8837
8837
8838
8838
8839
8840
8840
8841
8841
8842
8843
8845
8847
8847
8848
8848
8848
8850
8851
8853
8855
8856
8857
8860
8862
8862
8863
8864
8864
8864
8865
8865
8866
8867
8869
8871
8871
8872
8873
8874
8875
8875
8877
8879
8880
8881
8882
8883
8883
8884
8885
8885
8886
8887
8887
8888
8888
8888
8890
8891
8891
8891
8891
8892
8895
8895
8895
8896
8896
8897
8897
8899
8900
8903
8905
8909
8910
8910
8913
8917
8918
8919
8920
8920
8920
8921
8922
8922
8923
8924
8925
8925
8926
8927
8928
8929
8929
8930
8930
8932
8932
8932
8935
8936
8937
8937
8941
8941
8942
8942
8942
8945
8946
8946
8947
8948
8948
8949
8949
8949
8951
8951
8953
8953
8954
8954
8957
8961
8961
8962
8962
8963
8963
8963
8964
8964
8965
8966
8969
8974
8975
8979
8981
8981
8982
8982
8983
8983
8984
8987
8987
8990
8992
8993
8994
8996
8996
8996
8997
8998
8999
9002
9005
9005
9005
9007
9008
9008
9008
9009
9011
9011
9012
9013
9013
9015
9015
9017
9017
9018
9018
9019
9019
9019
9021
9022
9022
9022
9023
9024
9027
9027
9027
9027
9028
9029
9031
9031
9032
9033
9035
9036
9038
9038
9040
9040
9043
9043
9045
9046
9047
9047
9048
9049
9051
9051
9052
9055
9056
9057
9057
9058
9059
9060
9060
9060
9061
9062
9065
9068
9068
9069
9071
9072
9072
9073
9073
9076
9077
9078
9078
9079
9080
9082
9083
9084
9084
9084
9084
9086
9086
9088
9089
9091
9091
9092
9092
9093
9095
9095
9095
9095
9099
9099
9101
9101
9102
9103
9104
9106
9106
9107
9108
9110
9110
9111
9111
9111
9113
9117
9118
9118
9125
9125
9130
9131
9132
9132
9132
9133
9133
9134
9134
9137
9138
9138
9138
9141
9144
9144
9144
9146
9147
9147
9147
9149
9149
9149
9149
9150
9152
9153
9154
9155
9155
9157
9158
9159
9160
9160
9165
9170
9170
9171
9171
9172
9174
9175
9176
9176
9176
9177
9181
9181
9182
9182
9183
9183
9184
9184
9185
9187
9188
9188
9189
9190
9190
9192
9193
9195
9195
9196
9198
9198
9199
9199
9203
9204
9208
9209
9212
9213
9215
9217
9219
9219
9219
9221
9222
9223
9225
9225
9226
9227
9229
9231
9233
9233
9234
9235
9235
9236
9239
9241
9241
9243
9243
9244
9244
9244
9245
9245
9249
9250
9251
9251
9251
9251
9252
9253
9255
9255
9255
9257
9257
9259
9260
9260
9261
9262
9264
9265
9267
9268
9269
9269
9271
9271
9272
9272
9272
9274
9275
9278
9279
9281
9281
9282
9282
9282
9282
9283
9284
9285
9286
9286
9286
9287
9290
9291
9291
9292
9293
9294
9294
9297
9297
9297
9300
9302
9302
9303
9304
9304
9305
9305
9307
9307
9309
9310
9311
9311
9311
9313
9313
9313
9314
9314
9314
9316
9317
9317
9319
9321
9323
9323
9325
9326
9327
9327
9327
9329
9331
9333
9334
9337
9337
9337
9338
9339
9341
9342
9343
9344
9346
9346
9347
9348
9350
9351
9351
9351
9352
9353
9354
9354
9354
9354
9357
9357
9359
9360
9363
9364
9364
9364
9365
9366
9366
9370
9370
9371
9371
9372
9372
9373
9376
9377
9378
9379
9380
9380
9381
9381
9383
9383
9386
9388
9394
9394
9395
9396
9396
9396
9396
9397
9397
9398
9399
9399
9400
9400
9403
9404
9405
9405
9405
9405
9406
9407
9407
9409
9414
9416
9417
9418
9419
9421
9422
9423
9424
9425
9427
9428
9428
9428
9429
9429
9429
9430
9430
9430
9431
9433
9434
9434
9434
9434
9435
9438
9439
9439
9440
9440
9441
9444
9445
9446
9447
9447
9449
9449
9450
9451
9452
9455
9456
9457
9458
9459
9459
9459
9466
9466
9467
9470
9470
9471
9473
9477
9477
9477
9479
9479
9480
9483
9483
9484
9485
9485
9486
9486
9486
9489
9492
9495
9495
9498
9501
9503
9508
9508
9508
9509
9510
9511
9512
9514
9515
9516
9516
9516
9516
9517
9518
9518
9519
9519
9520
9521
9524
9524
9525
9525
9526
9528
9529
9529
9531
9532
9533
9535
9535
9536
9537
9540
9540
9541
9542
9544
9544
9545
9545
9547
9549
9549
9551
9552
9552
9553
9553
9553
9553
9556
9557
9558
9559
9562
9563
9564
9564
9565
9565
9566
9566
9567
9569
9570
9570
9572
9575
9576
9576
9577
9577
9579
9580
9580
9581
9585
9585
9587
9587
9589
9590
9590
9590
9591
9592
9592
9593
9593
9595
9596
9597
9597
9598
9600
9600
9601
9604
9604
9604
9606
9606
9606
9606
9612
9612
9614
9614
9616
9616
9619
9621
9621
9625
9626
9626
9626
9628
9629
9629
9629
9630
9631
9631
9631
9632
9634
9636
9636
9638
9638
9639
9640
9641
9641
9643
9648
9649
9650
9652
9653
9653
9653
9653
9655
9657
9658
9660
9661
9663
9664
9666
9668
9669
9670
9670
9670
9672
9673
9673
9673
9674
9674
9674
9675
9677
9677
9678
9678
9679
9679
9681
9681
9681
9683
9683
9685
9685
9686
9688
9690
9691
9691
9699
9702
9704
9704
9704
9705
9706
9710
9711
9712
9712
9714
9717
9720
9720
9721
9723
9723
9724
9724
9725
9726
9727
9727
9728
9729
9729
9731
9732
9732
9732
9733
9734
9735
9735
9735
9735
9736
9736
9739
9741
9742
9742
9742
9742
9743
9744
9746
9747
9748
9749
9750
9750
9750
9753
9754
9754
9754
9756
9758
9758
9759
9759
9759
9760
9760
9762
9764
9764
9765
9766
9766
9768
9769
9772
9774
9775
9775
9775
9779
9783
9783
9783
9784
9786
9788
9789
9791
9792
9792
9793
9796
9798
9798
9799
9800
9802
9803
9804
9805
9806
9807
9808
9808
9809
9811
9812
9813
9816
9817
9817
9818
9818
9821
9821
9822
9822
9824
9826
9827
9827
9828
9829
9831
9833
9833
9833
9835
9835
9836
9836
9837
9837
9837
9837
9838
9839
9842
9842
9843
9843
9843
9843
9844
9844
9844
9846
9851
9852
9852
9853
9855
9856
9856
9857
9858
9860
9860
9861
9861
9861
9863
9864
9865
9865
9866
9868
9869
9869
9870
9871
9874
9874
9875
9876
9878
9879
9879
9880
9880
9881
9881
9881
9882
9882
9884
9886
9887
9892
9896
9896
9896
9897
9899
9900
9902
9903
9903
9904
9906
9907
9909
9911
9911
9912
9913
9913
9915
9916
9917
9918
9918
9918
9919
9919
9921
9923
9924
9925
9926
9928
9929
9929
9931
9932
9933
9934
9934
9936
9936
9938
9941
9944
9945
9948
9948
9949
9949
9951
9954
9956
9958
9960
9961
9961
9961
9962
9963
9967
9968
9969
9970
9970
9971
9971
9972
9972
9972
9974
9974
9974
9975
9977
9979
9982
9982
9982
9984
9984
9985
9986
9986
9987
9987
9989
9989
9992
9994
9994
9994
9997
