643
475
9260
2972
5405
386
3343
7884
2370
7928
314
4569
5773
8708
2444
7388
2446
6538
6451
5454
1202
2873
9891
1995
7005
4929
4239
9763
6199
7442
9927
1115
560
7407
6238
3488
4321
6946
7254
6747
8529
8233
5738
6816
7936
8958
2440
9761
6916
4964
5914
1807
8173
6973
4240
2928
6599
344
1835
988
876
3032
6968
9841
3891
4576
8983
3591
5369
2235
1990
2030
8746
1064
6607
5347
124
3730
3244
3922
5273
7053
3586
7765
8407
4220
1217
4970
8757
6048
7718
5074
7060
8299
3178
1350
9919
6835
6715
9172
5577
6658
6421
2776
3170
9449
509
7654
805
37
6938
1667
4001
5562
9248
1603
498
6524
6282
4476
235
1708
7411
4122
659
9071
498
684
5593
4459
5904
1580
4741
8522
7446
1932
4972
1393
759
4748
5967
2410
1896
6888
4849
2974
1704
6093
4595
4303
4608
6908
8254
3040
7256
2615
3916
4696
9058
7273
9956
4347
2616
3443
3520
9529
5133
752
2557
3475
8850
3705
3550
7159
6488
7509
140
6429
2845
3832
7486
3785
3877
4189
6001
3217
9974
9022
1957
9945
3744
6544
1396
1306
167
1659
9280
3793
3423
2679
3751
7283
2178
947
2901
7246
2944
3182
2759
9995
6164
2536
2823
4848
6655
7875
5497
3554
1844
8227
6209
9271
6399
2932
3998
5945
243
459
2439
6439
3070
6789
1921
2518
2523
3867
3098
1508
7075
4471
6277
4477
5057
8480
6418
3238
3889
4673
9641
8007
3412
3913
9235
9958
4819
5979
8598
1854
8493
4325
7051
5727
7584
4365
7581
222
4400
4023
8863
6253
9222
6852
5978
2934
2871
7205
7491
1584
7855
6829
7030
7892
3707
8260
3745
1402
9281
8760
8478
8444
4428
3693
2830
2988
6807
1381
3695
3505
5109
6907
890
5789
2699
2553
7323
8074
4635
5066
7822
5602
7182
6618
3250
4062
7869
4297
6781
454
2075
2110
2348
9416
3074
6056
1285
7859
2553
3168
7547
9331
2767
6922
7405
7223
7240
8155
7196
893
9457
5348
8614
5568
9552
2188
4132
2008
7453
7324
7964
2896
8359
6595
9252
9604
6468
1594
9780
4969
8233
6882
6166
630
1570
8825
4605
5824
8047
5436
2463
9428
7436
1574
7969
9214
4603
215
8045
2662
2399
6288
4674
5562
7176
8506
1833
3926
6790
566
2399
5919
2427
4271
2916
2064
9506
6380
3054
9372
2550
6225
8746
9570
5489
8085
4305
2719
5442
6127
2051
589
4601
1529
3299
3656
6626
903
6815
4577
2155
1585
9562
1916
5508
8587
4935
1636
6946
998
9988
8479
6544
8607
17
1532
259
2405
396
424
361
9512
8986
5168
5965
6125
3651
6016
2729
6798
3835
6682
4872
4478
4569
3315
6550
9226
2566
5959
6871
3947
7715
6716
2369
5368
2055
5540
2776
8521
4164
5213
4932
4262
965
3763
6320
5357
5798
1908
1617
8323
2560
3268
4241
1201
4303
6295
6007
2144
4338
3132
3141
1248
3455
7785
1198
3809
8624
2368
6546
69
6574
5041
3479
3901
3960
9642
1093
735
1952
2138
4478
4393
9794
4915
3705
400
8626
4701
554
2593
4641
5751
7695
504
4204
6008
5465
3199
7857
3091
101
782
5342
1898
3638
3537
7848
3770
8961
9431
7125
5332
1237
1654
1350
7787
5941
1084
405
5225
9107
2817
8023
4108
9450
3816
1277
6574
1768
3588
4877
1794
278
8615
200
3258
2054
7814
6584
2166
2920
3672
248
5830
7113
3917
9312
3761
5256
9836
4107
6942
1014
6532
8870
9647
3066
9108
7176
9230
4846
4166
4761
5744
1705
3366
7760
3270
3162
4672
4796
8082
6733
9207
2303
5814
3198
2994
1362
6104
6983
3474
6921
3249
6359
8366
8549
3077
1170
3071
5775
8894
143
5671
1736
8513
9858
2556
7802
3730
2885
5923
9913
5282
3861
1960
3020
5382
984
8153
4563
900
4998
8082
3028
1799
6555
4676
741
8273
7399
9566
4840
656
1231
6813
2238
1385
1140
4463
1993
9249
4349
5524
4483
9659
2708
925
9188
5115
5371
6839
2132
7673
3529
7025
270
482
5284
7432
4252
4360
8300
3540
2677
761
8386
283
7984
8781
180
9411
8499
456
2150
7365
4716
6544
9886
8445
7068
5641
683
9550
1035
2108
8979
7202
108
4118
9736
1375
3886
2764
5238
2981
2651
221
1212
6420
2769
5488
3333
3611
3610
5035
6066
7115
299
949
9670
5770
742
6036
4349
5043
2571
9856
6041
1594
4434
3545
8538
9645
6206
2451
9625
2743
78
4399
530
7294
9413
4262
8332
3164
8324
9502
5911
4522
417
4319
9712
7768
2951
1935
8995
6042
121
8665
2750
4509
2964
9997
2686
919
7840
8241
4505
987
3202
6052
9847
4908
7601
1715
1213
3305
5587
6117
9463
8823
8228
2449
2946
6700
6323
8959
7619
807
7192
8076
5495
6766
8437
8247
6824
5839
5961
6488
2297
4807
2091
7169
5151
5233
9161
3500
3851
2279
5324
7699
4376
4612
3431
6271
2094
1354
1677
2072
3648
8734
5325
3788
1080
65
3211
3147
8109
9546
8604
7374
5118
1167
8909
6023
6046
835
2480
1556
6892
8825
7172
3246
3981
8118
3279
2046
6728
8085
8491
4846
3950
6404
5947
7709
5908
7515
137
1404
7183
6333
4333
7382
7739
5127
1515
3981
8040
6741
9770
9711
5297
4980
301
5784
3418
2994
5343
4288
5765
7089
6080
6549
1329
2251
3030
1859
9649
4288
3890
4880
6740
7434
9169
4741
2181
9873
4795
7510
6993
1131
6171
3106
8225
6267
1771
6565
5203
4746
476
6347
4137
8003
9775
6304
9150
4392
9571
5123
480
9971
3755
4521
6783
263
27
3165
352
5796
5311
1701
254
4809
2648
5968
574
4499
4676
3387
7821
7396
9417
6547
1384
8847
2158
6964
4376
8832
6885
3040
7528
4568
633
8652
6532
4294
3664
9508
9264
7714
6525
6303
1714
6434
1669
637
4525
6895
347
1468
8218
3234
4058
8202
9013
2408
1295
8757
5570
8117
3009
4094
1355
789
910
957
6679
2045
3891
4301
1592
2095
3559
6088
6256
2764
6549
3869
737
9828
3876
2237
6512
8586
7892
2502
3301
9747
9447
5351
2962
5917
6746
1618
1517
5515
3615
8223
988
5886
7944
1613
7868
544
4066
9955
4606
1130
8300
7093
4127
2406
1122
7250
2
3486
4762
9850
5100
8307
5002
7933
7931
3802
2580
6911
3124
145
5376
6023
6488
1583
3012
8151
8610
9753
7698
4374
7439
5984
6014
2312
4843
7384
5259
8383
3988
68
3025
427
1437
5389
541
7117
5505
2066
2180
8793
8690
9288
2309
4969
7469
9682
971
5327
2540
5837
4379
6627
7192
8626
2048
4538
3688
4750
2097
5735
6362
4991
5436
2267
5069
4340
4945
1913
4521
5575
9470
1668
3468
9287
5122
9625
3617
3501
3151
8809
5695
3248
4961
1327
9259
9108
2630
3520
6523
4398
2377
8160
1833
7746
6207
448
8528
7997
6109
309
3493
15
5940
965
7957
1312
8443
3275
7351
5907
6279
4554
9454
1847
5016
381
6174
5914
3139
237
6632
4169
2584
9868
7091
5715
143
5550
5177
1195
4164
9495
4027
7628
3180
4255
6594
5351
659
9938
707
7287
1012
2453
3790
6662
7492
5411
3060
1464
8939
1749
3362
645
4736
7647
3854
6981
3535
4983
4765
531
714
2273
4654
6180
8346
6230
9031
9601
3392
5076
8858
431
716
3630
5107
9456
4041
6323
7009
3507
6291
8108
7918
6246
4710
9695
1085
9899
660
1025
6111
1305
5890
4072
7618
5529
7793
8415
8535
4385
660
2466
8446
238
258
3593
9168
8394
3194
5858
6793
5165
1518
2087
1648
6367
4814
4110
9428
9483
6753
7119
9572
3600
1410
9792
6907
1073
821
4493
1223
7836
261
9907
1749
4936
2203
9035
2266
4103
7341
420
6496
8043
5664
1097
7963
9061
9611
4546
6023
7832
3755
7110
2176
7436
2268
5709
5709
8447
9947
8612
522
4342
7669
8250
241
8481
8442
4951
9365
1132
7492
525
6778
465
2126
3686
1220
4875
7763
7276
2218
9494
7941
3816
9831
1394
4566
1219
7821
8743
214
248
4230
9218
6745
2090
216
5277
6644
3777
4948
1212
6724
7408
9116
8643
2347
5394
6526
3830
3465
3539
9906
3705
3155
8651
1260
9622
4674
4005
5646
1340
3274
9214
1517
5332
1893
152
3341
7151
2956
1886
2732
1916
4241
3026
4025
1222
3548
5794
4751
4185
256
8010
5345
7909
8633
2466
5364
2187
8997
4792
2275
2660
1452
9113
8755
417
8093
3544
3860
2525
3046
1873
9841
5359
7167
8791
7796
4988
2884
985
2921
8473
6318
1476
669
8974
3245
962
1250
7461
9667
9296
6514
5362
6447
8237
2590
2685
9557
7486
6146
1482
7895
6798
3494
3114
9314
6067
7683
7482
5272
4700
7120
2265
2949
6950
9225
7576
8096
8622
4395
3386
9072
704
9150
3338
7336
9726
5471
907
5441
1853
7001
5866
6722
8202
3104
6705
1326
5273
3834
4549
4123
9453
1721
78
2778
1044
9545
2983
6376
4634
2771
6987
2080
9230
2300
4576
3898
8353
5741
1728
4052
7770
7503
1505
5612
5383
4883
3366
1447
9455
491
6415
209
7938
1112
4140
1153
3121
2209
9247
5208
8970
4509
7502
5207
7724
814
2392
4778
2921
7466
2383
596
8553
4183
3699
5288
5627
9970
7392
1313
2935
427
7086
5327
8238
3985
8406
5374
7011
8038
3556
2981
8691
2830
5735
4552
1663
4058
2774
4747
6107
7403
7133
8819
3998
7733
373
2570
1098
6962
385
9535
5254
7695
9428
440
230
375
848
7237
9804
2010
7754
5858
5352
5338
8089
4201
4251
7986
9278
1953
41
3732
8973
8903
5373
6717
3769
9223
2214
4310
6157
5031
4783
8074
8167
5792
9325
9247
4767
7882
9313
2979
3093
5300
6285
3973
9545
684
1299
5708
2020
8177
1097
9080
8708
2082
105
6915
8180
5426
405
8883
6426
4363
6680
4320
7625
3868
8695
1532
9191
7713
4150
1812
729
4765
7799
2290
4827
7911
4061
8347
2588
7182
8526
1676
8485
9497
7991
2844
2442
6048
1930
4525
9257
3425
1459
6277
80
544
8024
6676
7355
8750
2590
3569
986
3780
5080
5157
4993
5452
5355
5331
8458
9596
9725
1731
2565
9793
9115
9626
3055
7892
3658
6648
5616
6779
6965
8621
1694
6382
613
4376
6160
7460
6639
814
4717
5643
5782
2004
1282
6352
6482
2281
6850
4256
2873
3250
1735
9052
6809
3267
6663
6226
983
6823
3251
7694
8258
5229
9881
3421
3489
2671
1001
841
2171
8255
5188
2630
309
5441
720
5591
2837
2783
8216
5950
9846
9181
2256
8543
7732
458
1271
2159
9463
7183
3141
2190
893
3879
1892
9390
7632
2155
8747
399
8870
3929
1252
1193
375
5072
6287
2661
5722
6011
6464
5977
2040
6584
8324
4797
5234
5843
1409
5646
7645
4691
3291
1071
5771
8529
2130
5543
6614
8305
4329
204
9894
2655
9154
9929
2386
1271
5204
7374
2979
5520
5038
1941
2691
2438
950
9388
8069
4226
1098
9476
8206
8873
5208
9621
80
1918
7049
156
8184
884
7368
130
2142
2388
9264
4154
3673
616
1763
3558
7461
4706
8919
8470
3180
4875
3194
2799
513
2124
8055
2404
3933
4002
4897
9748
1568
9394
8764
1983
5081
4153
8635
5878
6385
9198
3347
9470
3553
8343
7343
3281
9988
8981
6125
3521
9350
4109
7093
5289
8652
6963
4746
8803
3774
3813
8297
8975
6335
1185
7199
4807
7981
4164
2087
1484
8820
3377
6624
1003
4541
5418
3212
1538
9059
4605
7845
6554
8166
1614
8827
8208
7368
1981
825
5571
7381
1604
7717
940
7120
6016
9061
2053
2137
7801
1327
6840
8827
8639
3193
9045
9201
6131
4160
7951
6008
5999
9828
8643
863
5363
175
1350
3387
6061
390
6507
4311
5572
6360
30
7817
3041
3588
4143
8848
1611
5160
3934
7337
3405
8964
9295
9041
3030
4780
2570
3381
7949
8876
4467
3605
2239
3622
7249
775
1975
2519
284
5367
4952
3719
9288
364
2426
3231
2393
758
494
9461
9985
9523
2464
2403
8701
2690
1560
7670
5865
7695
9005
2370
2571
9228
5815
99
4083
8032
8623
1342
3197
5769
565
1894
9759
574
4366
4890
229
6447
3608
8139
5783
8094
3419
7516
9540
6118
6493
3330
1998
9
8818
3707
8465
5544
3887
7675
1057
8588
1801
9137
1855
8706
8879
4536
7687
6338
4737
2313
7194
7904
4587
3118
6195
1851
2578
9921
3559
260
6313
8195
6286
57
5856
2777
4105
6622
9610
6529
639
4637
1546
8146
7000
7188
4937
5905
2213
7469
2967
2688
4025
4588
3452
4353
8584
3921
8457
7048
6251
8909
7503
4510
6765
2657
8939
2242
5734
4145
637
7578
3137
7096
7188
1895
923
3334
697
8774
7275
4276
9236
3587
408
5911
6606
8872
7308
5235
4596
6020
243
4967
5028
2918
6415
9446
5624
600
4476
8230
3484
3737
6379
8897
1693
9571
5053
7017
9520
8923
365
601
2012
5862
9339
8422
2982
664
2209
9572
9175
6472
9763
7781
6364
4064
4904
3964
7113
2129
9743
7376
4266
9427
5024
8172
6408
8265
9393
1955
1493
3891
3729
9120
4100
9597
1445
5868
9224
2421
4140
1033
6647
9306
4224
3419
3482
5616
9100
4630
3540
783
3637
5987
7372
1771
7686
3708
2393
47
8476
9270
4890
7379
8762
4751
4431
6956
9450
8685
4663
834
1905
1302
4278
365
6398
7933
9331
4776
6879
266
7788
3672
6399
3859
374
2742
4624
6646
2165
408
5521
9433
5763
1678
28
3144
9313
1735
3663
829
6152
3748
3396
286
4490
2756
8079
2480
5914
687
3220
5258
1317
4975
35
8644
7003
2184
417
6462
6254
8967
7572
8029
38
9144
2602
9872
9294
3922
183
3201
5518
3566
2617
6423
8326
1397
4809
1559
2276
6903
4193
7275
2307
2951
1220
6635
5424
1651
3694
232
1818
5202
6266
7208
2773
5607
9034
1179
3850
3794
8374
2780
5935
5221
9268
7779
7550
5251
5248
1351
5029
2820
3224
7457
266
8342
5079
2875
921
1966
5484
3607
1723
5356
4982
6365
68
4444
3150
4476
6154
9129
2001
5522
8205
9580
1385
4583
5991
3682
4327
4563
3377
6939
5262
5727
2959
9503
1903
537
233
6987
6253
3185
3799
1801
7852
4032
9769
8142
9019
9465
3776
7372
2331
2263
4076
9528
5003
4310
6803
7670
8226
1982
203
1088
2280
4122
740
9878
2032
3271
3957
7455
1830
4232
5025
1693
4465
7126
1286
6862
4054
3588
2306
5631
3961
3792
7714
4188
6192
1030
9928
4323
4069
5007
6840
3526
4904
6182
4159
6670
1791
9531
7889
5645
5995
5345
8717
5372
5353
7746
1519
6259
5377
4466
307
903
3550
3520
545
5005
4442
7177
2633
1661
7798
279
6603
9490
1747
583
6131
3741
6768
8920
8784
5497
7488
3743
5712
4058
1415
5576
7066
6079
2225
3959
839
4486
8575
1212
4269
3486
3022
3364
4970
7640
2166
9900
1065
8855
6621
9201
5620
8406
1557
4163
1767
856
5577
4920
2188
6347
1423
4188
9001
6934
3369
2726
9730
2289
9806
5942
8187
6340
817
8731
3599
1208
3051
6449
4278
169
746
6583
7782
7869
1316
1583
8505
2830
4377
5630
2311
6835
7925
8355
7472
3405
6927
3844
536
13
6642
1188
4559
9571
3701
4738
8764
4897
9400
8171
9605
5582
2029
9262
7246
1446
4497
3424
2572
4318
7750
9350
5876
8822
1358
2560
8052
9895
8022
9622
7886
7052
8861
9145
9357
3486
5647
5980
8821
8631
8786
1676
6395
3895
156
9306
7166
9717
911
1386
3681
3661
9298
3316
6055
2920
2430
8759
601
3641
9650
45
1286
1636
6643
9754
2808
6793
2067
670
495
350
3900
2922
7500
5467
9562
9471
348
6638
3682
9426
4527
3694
9171
8027
6740
6093
7304
7101
5299
471
8694
96
22
3735
7960
1786
3445
2425
4773
8268
9517
8922
1003
7592
156
9691
5770
9889
5323
8581
5711
2235
7560
8982
8795
7393
6463
8361
9296
4005
3077
4196
4200
8561
7569
155
9633
1469
7479
9746
937
2186
6050
3743
3905
7995
5006
7166
9361
2707
9903
1998
8137
5689
6945
216
8767
2280
9901
880
1482
627
8628
5925
9034
5718
747
4690
8593
7511
739
4023
5426
1403
3204
8513
2485
182
1318
7142
4244
4618
5100
4109
7909
9328
4109
5977
1972
8357
6080
1687
4875
443
4163
3357
3809
7105
8392
2226
8573
9197
4173
2156
8214
2693
5863
2645
6041
2989
4810
5879
7333
3690
295
1398
5462
9989
4946
717
4316
4507
7822
8224
3991
8034
1288
9184
6897
3462
9357
7902
520
3714
5433
263
7735
3514
2477
4957
6465
1076
3420
9606
649
9623
9586
3965
3392
4635
481
103
5292
6608
5994
368
7041
8059
7141
7588
5758
1227
7196
2105
1399
9130
9562
345
7563
4703
4603
1358
849
8944
7584
9190
1988
6420
2099
3910
8888
9878
1089
4347
1687
1750
5944
7403
3389
4362
7838
6186
1660
2834
4315
9593
5645
2137
4005
3161
2676
3703
1974
3053
9438
1523
1292
6588
4490
3894
8061
2406
1617
6107
6868
1726
2755
2418
2396
3734
6704
3044
8888
681
4895
4064
6317
8897
7710
6852
7997
4888
8103
2184
4497
5084
5596
2356
8322
428
2079
1713
7892
4319
9024
4653
6975
9140
3251
2056
4635
4899
781
124
7367
1298
8667
121
1350
3284
1983
3918
3703
9997
5400
7028
736
1760
8541
6324
5750
1481
22
3097
2604
7062
4504
7808
9845
7328
3338
1404
3927
440
120
9526
5790
9228
900
7937
1418
9176
8131
1483
4439
5897
6907
3696
3191
2414
1623
1865
4526
7271
3381
1058
4377
1583
29
3640
5755
3254
3534
5409
4758
8135
9526
1190
3027
8377
6477
8155
4222
8816
7599
8368
6400
4995
9604
1328
9242
5800
5246
3270
828
3868
4911
2527
335
4751
5428
3658
7701
667
7585
9964
3707
7669
3994
321
8791
4541
6460
6861
7780
7824
1878
864
4776
1917
4167
3735
1598
5908
8037
6799
852
6809
983
437
9203
7528
352
7161
5558
4307
7561
8273
4154
2967
2089
2298
9777
1661
2323
8873
5586
2284
2748
1727
7952
7323
4440
379
8997
5332
9968
9849
156
4628
6962
7336
5624
2784
886
3849
3843
2161
3224
1636
1207
3136
6902
6837
3827
9948
7175
8083
9259
8952
3478
2929
575
6082
7515
9582
3589
6414
1828
1095
9941
2449
6005
3308
3026
3481
3561
8527
4768
4202
7395
7160
4214
9251
8742
8758
338
5823
5645
9361
7827
9592
8343
2235
231
6
3411
6197
7745
9252
5828
8157
1558
5475
4610
6372
3077
4840
2125
2302
1121
1873
9934
4355
5164
7990
8923
5298
8705
2650
8855
1013
8286
2080
4868
2720
2044
6026
1718
6227
2957
7228
7029
3663
8881
8911
3358
9893
2741
6194
9015
3178
9977
2171
1485
6887
6299
6507
8124
1788
8405
1520
9962
8948
8320
9156
2624
708
5956
6098
8646
5774
5469
9528
490
6946
1611
5880
8173
5171
7110
4921
2282
4903
7996
8011
3140
5929
9161
2408
4890
4825
2658
3781
186
2338
7470
9480
8400
172
3793
6323
3880
3288
342
7534
7480
1433
104
963
2995
8338
781
5491
875
1562
8496
5894
2086
2316
9193
1312
5068
1099
8187
2670
3642
8963
2218
9984
2390
8379
9847
9425
5136
3446
5898
6321
5393
1192
3819
4436
4867
9734
3117
579
5373
3254
4695
7152
6953
4886
831
7622
6787
5480
6805
9391
9024
4075
8714
528
2649
7061
7724
6575
499
7164
9311
4741
9692
7892
6841
3885
9491
1234
3817
9180
2484
7391
21
7307
896
7497
8288
1136
149
2995
9444
9243
7247
9757
1297
5260
554
5646
6098
2578
1427
5805
8920
8605
5770
5024
3237
3013
6486
9579
1559
452
2421
2970
3904
4558
734
5066
7502
5089
3285
8177
6475
439
2426
1454
3939
6280
3599
2971
1565
1213
1652
2479
4169
7039
3793
7952
5028
382
2415
6837
3883
7117
8019
7754
5434
4603
3832
9229
4863
7213
7576
3845
5199
4598
6119
2290
3972
6840
9196
7151
531
3124
3916
3060
262
8414
757
8520
8234
1836
7988
2404
967
5677
5923
9251
9687
7174
5619
9237
5333
4936
7617
9955
2548
2893
4760
3612
7785
8481
4036
5006
9942
9277
8126
3361
5155
6622
7273
77
2347
5572
5847
123
656
4295
8696
7785
7580
804
3905
8967
742
1957
213
6351
9549
9151
8611
4274
5156
6069
8939
9644
8010
8842
5598
3193
2085
6931
3473
7058
586
3578
653
8016
6555
1135
9687
6065
2717
3881
199
3623
437
6954
4471
3006
2895
497
6730
1542
1099
4889
7494
6526
2836
5231
6479
3058
8078
3121
1394
1211
1004
9377
6106
7589
891
9433
4483
5310
9198
296
7817
6329
214
5546
7403
9442
846
2246
8738
6285
8913
3745
184
5239
72
6689
1367
2318
3540
556
4719
1693
3652
7550
6146
3055
3284
4904
2288
2596
2770
4902
1579
3345
8078
8985
6854
9074
8253
4803
8143
6955
8170
6594
421
5852
1322
2323
1640
4338
394
4184
3116
7082
4135
9684
4857
1073
8746
6242
1187
6391
8222
4630
656
3762
8399
4219
2763
4479
2145
1292
693
9731
1082
62
7954
1103
5101
6218
4935
9714
7780
1529
8526
2216
1465
1975
4195
8513
3473
1466
3327
8844
6726
6588
174
9714
79
5268
4815
9359
5486
7060
7815
1114
5685
571
5123
4118
5014
1577
7448
9042
2662
1555
9688
3419
8526
205
1364
1681
5278
4788
3048
1798
2941
2766
7032
5523
4993
7736
7477
613
9863
9103
619
4788
6464
7211
4010
8181
4953
8485
4079
6485
3397
8522
4031
1125
6969
6359
8480
7222
7219
1092
7763
7546
184
5357
8945
2905
3145
7467
2369
6149
7985
6418
2628
9173
4494
7875
4685
6750
4217
8866
8240
3952
2803
770
2390
4556
9182
4524
1066
836
3302
3630
8948
5322
6426
6816
2175
8634
3515
3154
5320
6468
7935
7569
245
9249
3266
3032
9872
8119
6139
7763
7615
2295
9606
2735
6498
3908
5635
9229
5192
4958
3594
3926
8589
9708
3640
7944
8132
4728
7147
3087
3453
6437
1703
7295
8436
827
3090
3565
3286
5843
2850
5597
4992
6766
321
5
246
9999
7530
5777
604
2377
6003
3008
9524
4771
8102
5052
3013
2873
5934
7751
5077
3676
7355
3168
9539
1929
8465
5445
2643
3814
35
2147
1527
440
6808
4904
7366
4019
6471
4090
5339
697
181
6736
8397
2004
392
7166
1846
4062
3510
1022
3379
781
2783
2105
7
6477
5796
230
5516
6165
6882
4089
3191
9195
5087
9709
4647
5795
1456
9820
9978
2738
6324
8810
2507
4818
7169
5826
1099
1662
8329
3688
91
4029
264
8814
4868
6987
5021
9682
7028
5459
6835
1684
5062
57
9002
6742
6156
3107
1927
4524
1483
9544
8805
3282
6578
5073
2774
7645
984
5916
3434
4506
3906
5103
1770
3154
9166
5113
3474
1631
400
9364
7321
904
2566
1111
5150
6920
297
4808
1681
5789
3043
7566
6458
9341
711
9813
5178
514
97
6587
989
6406
8859
6599
6857
8490
8073
9161
7173
1840
3923
2908
5689
9048
444
8424
3470
8007
9635
4165
1665
3732
6326
218
9593
2893
7309
8146
5538
1510
2458
5984
9046
8481
6523
8666
4952
1785
4793
3248
2588
7112
3489
9088
6822
1337
9613
9122
8285
1320
3550
5198
2684
1093
7847
78
5
3943
5545
1165
2098
8445
5943
8351
362
8400
3701
4010
5756
916
8210
4370
6778
7933
5199
8019
8725
8414
1739
2295
7713
8013
1900
4519
1589
4163
6812
750
418
7247
334
9177
9326
6890
5819
5179
6155
4373
8398
3101
3912
206
4552
4627
4228
9762
3520
2425
3562
5516
3611
1596
2574
5836
4228
2645
1842
6499
8952
3152
3285
8762
1424
6571
4361
4370
8860
9466
1919
7557
2233
8679
33
6828
9742
2310
7724
1979
8585
1671
2072
1735
2737
4725
8262
743
5367
9867
1205
2520
894
502
3600
2538
1716
4934
9511
2728
4316
2366
9929
3877
1130
6810
587
706
6714
6384
1208
4540
7277
3200
6964
5538
977
3653
1534
1812
4843
653
3938
3894
6884
3157
7433
7188
2861
8270
5582
8736
7232
7852
3933
3703
8805
6316
1305
2
2462
1589
2202
521
8864
2392
7106
4849
350
8226
2139
6421
9027
2736
1759
2162
4268
4033
4466
9021
2800
5655
6912
864
5101
3415
4063
9073
2176
3921
4993
1059
4656
7881
2568
9077
1719
9827
6101
5273
1342
3070
6528
2384
2484
9063
9422
9552
6747
1982
3425
6631
7056
6805
1714
7113
2261
533
2163
5110
9564
4939
148
7303
1506
9552
5189
5238
7285
1558
3427
989
5268
7070
2896
3047
7617
102
8131
8051
1797
1295
3529
408
1841
6973
3991
6322
6701
3064
46
6281
7183
2400
1161
9218
2265
2333
1685
4575
9727
3140
893
2034
4547
6149
66
1232
7967
9825
5331
2768
5039
7274
8703
7010
104
1106
5476
7692
8249
8117
4514
3216
5708
4659
1202
1401
1801
181
1596
2948
8232
5729
7210
3308
5280
1321
9447
4253
8049
2861
6098
970
7834
7921
6869
1595
8440
6393
1853
1214
6461
4848
8149
1645
4184
6600
3987
1488
4854
1932
7055
8425
7700
7826
1388
3614
5840
6396
3684
4132
3196
989
9844
3654
1837
2649
2129
4885
8710
1365
5221
5241
8140
2077
4842
4614
1318
6756
5410
9946
6260
4806
5281
6386
5864
7194
1543
8317
8709
4611
8382
9016
7698
9733
1452
3480
8523
1701
5541
1766
6997
7034
1921
500
3484
1135
5813
9518
1403
6250
8753
9852
8150
486
3989
2340
3127
6669
785
12
5636
8562
6727
7773
5786
1594
7727
1843
2152
6106
7975
6480
2682
3644
1061
3137
5631
6587
5787
3001
8442
8942
5061
9289
290
5474
8961
8737
3558
959
252
8479
497
6348
4629
3222
5365
4911
6384
2187
2183
5645
1434
8409
2967
7695
8404
6772
1547
3125
4110
5274
5031
9061
1681
3862
8331
8476
7352
1390
9416
7461
7484
7708
1952
5495
1451
7593
8249
6536
2245
5157
8174
4768
818
2692
9411
3640
2851
2786
770
3041
9811
7575
7559
1665
8794
6294
8980
7481
463
9887
5074
8882
2758
7476
8277
7669
1133
2969
442
8377
4079
2820
1551
7223
5796
9540
847
3962
1798
4191
9274
3523
8767
115
6157
5192
3988
8845
3778
7516
5896
3016
9879
7178
8990
2270
1987
6715
7280
9370
6203
5047
7845
9197
5152
8760
5938
1231
5489
7706
32
9374
7413
5470
2101
9522
3677
7902
2114
2945
5322
923
5401
2782
5819
3890
5144
6379
7584
6413
4854
656
3936
789
2329
3508
7875
9477
5970
2248
8605
1850
4934
2387
8520
2951
3993
3000
4012
9797
5081
3268
6814
1832
9524
1539
9795
5308
8487
7282
2735
4382
4085
6175
1262
6567
6592
2428
9933
7779
8743
3459
4774
7488
9547
9331
8887
6066
6127
3993
382
4931
5980
9162
9219
7752
655
7852
9490
7822
4128
4389
4339
9363
1920
1995
7576
9266
6301
5194
3090
5862
8452
7684
8432
9791
2901
4930
966
4451
7084
793
134
8363
1265
4168
6461
1710
3693
1693
5868
8908
4215
2296
1681
48
5562
2600
130
2809
2677
6641
7846
6802
8752
8350
1824
5484
2917
9795
9976
541
130
300
4104
4194
90
7345
1056
8800
8882
3899
5622
2888
7247
9536
9998
3641
3690
1098
7601
4096
4924
7685
2093
2234
2044
3191
8409
2346
914
2347
5491
7125
7719
3910
728
3915
9819
3642
6592
5984
1203
1320
7411
1400
1517
9936
8300
1506
9745
1781
136
8155
4326
2924
8475
9875
2733
1970
2736
9741
1518
1549
9002
5471
9102
8427
1883
5706
3290
3367
6304
9011
8402
1642
7240
8624
4068
5837
9504
4414
6436
3901
9340
5407
5478
9191
4979
4337
8136
6419
7783
6713
526
4174
4832
9759
8987
5583
9013
2291
1288
3403
9446
5421
181
371
3032
9458
2154
8507
6574
2306
1496
1446
7568
847
6480
8541
3419
8600
9568
9742
6757
5699
8182
4769
9739
6425
3090
102
7337
3386
4092
3882
9028
3586
1295
9129
5640
6932
5489
5821
5562
3522
991
2372
9993
5343
9914
1360
6549
3499
5688
9271
5996
7326
5801
3803
2077
2640
2023
148
2107
3876
3624
1193
1136
7973
2292
1774
6347
1737
1005
1735
8311
9490
7551
9115
5850
1555
3590
1076
9431
7744
4262
9506
9760
6366
9708
2975
731
7945
7359
7133
5775
4948
209
8204
3724
6795
5112
7112
8917
1813
8531
3022
7467
1718
1547
7871
1511
208
2217
4414
6723
9593
638
2899
6949
4183
4866
4242
2665
6648
748
9670
9786
8943
9003
8118
7933
6696
9839
2265
9083
413
4375
9558
1145
2225
840
5381
7461
41
6006
2545
4222
3659
9234
4670
7808
574
288
8711
6459
9041
4276
4305
4704
6344
4537
3788
2536
9952
5501
5335
3168
2580
3004
2818
7204
7352
4424
1775
6967
7170
7490
1186
924
9369
4456
8072
4453
214
1562
5603
5541
9607
1978
2163
7668
2018
1552
529
1711
9527
5671
7781
4969
3502
5816
1575
9074
6767
7344
8226
4065
7312
1761
9012
1553
3609
5554
7331
3270
6739
436
8378
1051
1343
9890
6832
762
5236
8275
3578
7031
288
7984
7974
953
8111
8940
2152
6453
9498
453
9714
664
4582
9254
6780
5153
429
6326
3748
1962
490
4353
9983
6033
2606
2800
3693
5079
9999
4231
7290
1699
6320
5884
704
9124
9036
3551
3178
8642
4220
4954
8132
3776
8696
9382
1118
3328
1418
9703
7711
3858
6590
341
8918
4923
4533
7641
4140
1102
921
2384
6966
8185
2507
1455
9862
2559
136
9667
3952
4509
7514
2867
4026
8219
4155
6709
9965
1714
9492
9881
5625
7012
6819
6966
1716
7884
59
1695
3010
1955
229
5682
4433
4460
3157
2365
4252
253
279
6237
15
490
3672
3092
570
6752
4177
2438
6334
6506
5918
6640
3700
6916
7101
7926
8941
3146
7266
8520
1844
5803
5976
768
720
2688
2193
9898
4693
2643
9182
3776
7866
765
586
8801
9814
256
2160
2094
2772
9758
4542
3553
4773
212
4321
6426
8548
4311
559
9495
5348
4761
6660
6095
1542
8408
4852
971
3431
2676
7952
1393
8646
7226
1779
7855
228
6177
8700
1344
9555
4320
182
1086
2113
7579
6050
4021
7230
6488
4422
8496
1000
1074
1647
8018
9064
2041
6482
9602
5781
5076
6161
20
967
9861
873
768
5574
5255
727
5186
7361
1078
6811
1837
3418
7722
5956
2812
1006
98
3227
8679
2658
7097
1644
3182
9993
8312
6495
3189
4899
6696
1861
6508
7296
7745
6782
2650
2498
2852
5271
1622
9887
4066
6384
2417
9109
4887
8476
4947
5689
7143
9858
2256
2856
9843
1328
7127
78
2455
6591
9991
6085
8707
8257
1102
3957
3284
5815
3632
1082
3183
7215
1536
6499
585
9211
4766
4455
9366
4573
4525
3634
2588
3214
9808
45
2035
3918
1760
8459
4347
6021
4252
4207
4346
8600
7534
3867
1520
4503
9622
9652
2585
3444
3877
4817
7439
3214
7768
9634
5289
8651
6815
3326
1589
8180
8809
1684
429
474
8238
307
9416
8422
2537
3493
7680
5038
2159
7350
3643
5812
7904
6194
8408
3688
4329
7789
7576
3790
996
3644
8471
2906
813
7008
5605
1640
8993
4179
7126
1272
6005
5675
2066
9334
4864
5723
3337
9464
9110
3929
2855
9600
5763
4970
5312
3297
2944
5305
1912
7967
8756
6951
1649
6479
2634
8317
2610
4733
7051
7709
4369
4605
6296
5686
3997
1513
8951
6325
9018
9001
1911
8552
6201
4704
4897
559
5155
4467
8909
6780
4387
8341
4510
6361
8029
9213
619
8088
4159
8329
3451
2501
8690
364
860
4120
3277
4706
6545
759
38
9157
2053
4201
6997
9736
9808
7092
1608
6688
9685
8952
8429
3075
2757
3909
5743
1288
3844
4630
2223
8382
7781
2705
558
4697
3381
2566
7365
519
5569
1381
2882
2432
2021
813
2271
9276
9139
3295
5760
1070
2812
5729
6777
6622
6829
6206
7898
981
4232
4058
3704
9105
8910
9812
7705
4856
9767
2852
6891
666
9774
2020
7137
3647
7291
2362
7163
9599
2878
5155
2689
2112
5605
9612
1773
7322
4154
2410
1794
8295
1132
6857
9164
1430
5560
7458
2197
7950
8309
4933
5265
5039
5129
1142
6567
8965
8186
1188
8925
5206
3461
2772
1727
4299
6709
5020
7115
2203
1888
5340
9132
6850
2196
4503
1264
1168
5225
5646
376
7054
1539
3822
8925
3980
9271
8144
8441
4342
5175
4126
4233
8661
844
4838
7805
8721
2831
7927
8328
5956
3796
2039
9035
5978
3203
9607
5401
3285
7140
1886
5462
5820
4310
5490
2593
9411
269
3766
3883
2263
9558
7661
1506
1104
1480
7165
1919
7352
6264
7262
9289
7802
72
4913
4771
3092
5006
3422
6521
6807
1021
4453
7746
2333
2626
3830
5170
6666
3965
6332
9183
7770
6650
9461
190
1610
5851
2621
8890
3827
9604
871
4624
82
306
6765
8825
723
2121
5919
1797
4091
1496
1623
7328
5796
1403
1053
2404
3283
8893
7527
1787
7509
1656
8936
4223
8984
3563
521
849
7975
5718
534
3714
13
1269
8175
1536
8299
9383
5934
2049
7892
1130
328
8085
1781
1220
7260
4779
8498
2336
9529
883
7932
4388
4189
2347
3343
1451
1895
3304
7927
6676
5054
5971
482
6773
7147
9981
9664
8493
5776
4688
5624
8197
2668
3364
5717
4946
9927
6779
2413
1387
744
7130
161
9377
7030
836
7424
7487
7978
6932
6919
3455
6196
1367
3171
3431
8133
5955
6151
9790
6713
7992
5881
6703
8071
3730
4806
3225
673
6648
6790
5968
3702
9828
3210
3076
1687
4015
2162
5003
1751
6664
9435
3678
795
481
3302
9293
4400
423
803
6752
9052
1484
9452
8443
6141
7378
1022
4428
5598
9541
130
500
2632
6870
4667
7264
8885
8016
3863
3524
6352
8953
7448
7411
8424
3319
7789
4749
2482
7068
4633
5588
2974
9535
8133
8125
5154
5304
7121
9952
9251
2936
8837
9420
4963
7411
6086
5083
2660
1499
2005
3692
5722
2938
6945
3699
5358
3180
284
6425
782
3382
9435
6753
2194
7
599
7017
2058
7385
4545
6553
6756
2596
2659
2155
9657
2992
5041
4214
6199
2324
4989
2329
5641
7904
1034
1521
4786
9299
4361
7687
3096
7082
3455
729
5677
9878
5272
5059
5546
7672
8004
5914
4980
924
8111
197
5968
2191
7279
5272
418
6591
3814
4286
7937
1806
4968
5122
5335
897
8038
3210
6292
9115
4680
881
3938
8625
234
7856
8612
2490
1933
1256
2807
4933
4286
9038
5370
9143
4
1107
2506
4575
1811
9151
9686
6216
5981
2010
3954
9051
7272
7446
71
6718
3211
9084
1638
7644
3794
2130
6205
4098
2817
9286
2211
9300
1236
6794
7565
5706
9045
9436
8019
5386
7831
2736
3692
5043
7887
7084
6166
8211
99
8800
2771
4694
443
1936
2877
3771
211
8767
6825
2564
6914
3913
313
5387
8037
1342
9532
6428
2549
982
8480
3107
8215
9893
5848
5074
1298
3901
9864
3662
7723
2410
4797
6871
28
7854
8314
7090
4307
794
28
6853
7494
3285
7663
3599
6005
2252
9722
7297
3032
6342
9830
717
4903
7523
5532
3945
360
6785
6348
7808
3555
4058
6073
3894
114
3949
4049
5541
8532
5175
8955
8713
6657
6830
8441
3460
903
2186
717
926
5138
9312
7192
3613
9627
3501
189
7229
5255
8187
437
4157
272
1731
9483
4838
1137
5535
1383
9224
6091
3194
9576
3074
3829
8455
3226
7966
2880
1323
536
807
8104
1640
1435
7383
598
262
6592
242
7554
4064
8775
4601
102
5609
2807
3403
9358
4601
9280
3391
5708
2072
8617
4774
744
5973
1815
5664
6340
4771
4431
1310
2045
7889
290
7888
5277
9844
2631
7082
7566
5572
1671
3703
6777
5712
9346
1450
8653
798
5007
9245
9739
9507
5488
9081
1197
9515
8723
8768
4839
9494
5205
7578
1781
1728
6674
58
2932
2634
8504
1692
8318
5946
6777
4269
845
5260
2574
9943
8992
3267
9240
2616
7451
6881
7362
9614
120
638
3203
5473
7676
8680
368
7372
6245
2328
3326
8186
5039
3933
3013
8025
6934
4647
4544
3566
3813
6162
6656
3589
1421
5932
288
8546
4481
4437
2036
1705
4606
418
9243
5478
4344
5630
6051
4026
4480
5838
7483
9395
66
5167
9267
5767
9946
6687
7280
4605
2006
3988
6525
8296
9591
796
3723
6464
2865
6883
2040
447
8834
2011
1838
6069
1487
4267
4114
2040
6410
5078
8221
1435
4336
4678
2663
4346
5055
8277
4575
1599
3844
4952
3815
8676
4274
7545
8300
5862
895
9215
7364
4307
952
1132
9728
1520
7717
7282
6017
4713
71
8083
999
8117
9854
9637
5684
5188
3175
6846
7726
1417
1427
8721
484
254
8899
6548
120
7145
3550
6605
3194
3305
3861
1001
5222
236
2830
9017
8932
9969
4684
7450
4061
8132
8336
5519
397
4044
4233
893
548
973
9062
1603
6518
8074
9948
8180
5778
6507
1812
2626
6272
3702
1595
3576
4131
4269
7581
9748
9567
5380
6412
1359
2980
1646
6666
6026
1288
4371
5126
2456
4706
3456
4338
3554
1682
8123
2851
8235
5519
7873
1731
9776
6137
4541
5025
5931
7389
343
5031
2821
6582
9623
4555
805
6928
8373
1391
6778
3207
1615
4964
9408
5903
9542
9787
5555
8653
6101
4620
1549
9970
7102
9551
9293
6872
9763
1384
9415
885
4078
816
3201
1661
4078
5022
4865
1332
1550
5460
6753
8720
9492
6118
4972
3644
2851
8037
6472
8298
7245
9274
3488
5120
2184
8478
3132
5635
411
1238
3951
3473
3830
8508
2509
936
9916
7752
407
8740
2574
5757
8101
5030
5396
1728
3278
4688
4042
1076
983
7292
8902
6241
5974
7100
9474
9602
4417
5197
3226
2109
6872
4821
5155
5662
3580
7771
6149
9789
5242
405
5175
5838
1800
9484
4054
4439
2267
3725
97
8539
5219
9769
2276
5317
579
747
8623
3665
1008
5161
2163
356
5142
9796
7592
8731
2594
6026
590
6641
8431
7147
5678
6507
3584
3720
411
6989
2647
3015
8587
8351
6304
8467
4348
7306
2381
3505
5317
2381
5646
845
762
6060
8460
7171
4651
7720
3299
2793
9882
9417
9562
9049
8199
9831
1120
2733
6185
7688
1349
6691
7131
5316
4898
4512
8833
9333
54
4737
934
2362
9213
7996
4740
3595
4815
3909
3534
7814
3395
8780
8797
6600
3294
788
2405
3831
8748
6239
9300
572
3882
4949
1495
3134
2701
6691
4616
5017
4034
7807
3671
1438
579
6250
964
9540
4211
2015
7127
764
7606
6536
3196
7010
9232
7679
686
479
8889
8610
9679
6668
6585
8192
6033
4241
3782
3008
2404
2843
9030
2032
7405
2971
8739
4651
4639
2747
5787
7316
4776
3356
81
9839
7658
9292
6244
8175
7877
5315
6537
3802
4286
5484
487
5784
1150
9552
7215
794
2378
3165
4598
2936
3898
7990
7761
6851
8535
6357
7580
8105
4518
5516
9015
3638
5836
7048
2925
9911
2285
5910
5842
2506
6758
304
6952
9218
2978
7792
3678
6391
3708
1525
8310
6842
7347
4499
5921
3910
8547
4533
6154
9233
5733
9149
5196
5282
9253
7804
3456
9372
2796
5470
9766
4296
2634
60
3984
8946
65
2837
7686
4330
1553
4118
6041
6475
3083
6
5880
296
8453
9519
4152
785
7961
8502
2644
9813
8698
444
9601
3346
4692
2573
7243
2935
3646
5957
9730
7515
7823
4418
4859
5959
5786
7125
4852
8318
8616
5698
5272
6669
5729
2343
3387
8428
150
3962
1411
7508
414
8106
8099
3995
490
8887
2597
7499
3143
1022
5826
7314
3504
4013
2129
2290
7214
4293
6635
855
8957
4909
5767
329
3739
2082
2071
2935
8640
2780
3421
9124
2309
9692
555
4782
5971
9250
2454
8552
7864
2524
1462
3546
1768
2328
957
751
9294
2154
7057
924
6862
4041
8760
9744
1320
7011
287
5974
5707
9601
9527
9735
3892
7766
2364
5533
2977
1600
1155
4723
1670
7441
6464
9240
3483
4680
6449
4274
6272
5256
6219
5534
8302
4138
8719
9574
9692
5134
680
3180
9546
6733
3251
9347
8110
6698
8731
1884
9305
7527
1073
4206
6564
5267
9701
2783
3228
673
4771
7119
9655
6324
3660
7348
6626
4918
9520
8703
4058
8488
9957
7149
4819
9636
4807
2218
9623
6526
9596
3056
6174
7945
9538
2206
3911
2917
840
4532
9217
6358
2934
9386
2856
1025
1434
3599
1695
7679
7487
1599
2534
9524
9259
5950
40
6617
2742
5538
6868
565
4483
2109
86
458
1628
4247
4706
9804
382
794
4620
6108
8638
2727
7830
4835
8006
6102
663
9738
2017
1738
9637
326
7230
9667
127
9281
4100
4109
5017
1443
9907
70
1444
8208
4962
6237
3689
6779
219
2166
8482
5208
5199
282
4470
7342
9159
5643
4559
6795
1016
1060
8170
4850
5602
8815
2138
832
1141
865
1784
9133
5761
1600
3787
6621
1305
2292
8865
6998
578
8299
6407
3915
2061
7815
3755
2167
4303
5442
8267
7766
9466
674
5673
8589
3706
1863
3470
538
350
4208
8856
1046
8720
8046
8977
6374
3827
2017
1213
4433
8568
8094
4352
9548
8509
3538
953
4449
6275
1024
1023
5790
4554
1110
903
4778
9275
718
2303
9698
8001
240
5082
8594
8405
4997
2984
8719
9285
7302
6289
1473
6625
2547
303
3678
3906
9263
2581
3008
2774
7256
63
7929
7580
5717
6887
861
872
4633
9553
4718
8836
7348
8948
1349
3268
2504
2102
8780
7748
6008
4946
5928
9856
6669
7433
7348
2895
9170
706
7241
5869
9919
1391
1161
676
6308
8478
6907
5671
6539
504
3440
5882
4735
5641
1316
9105
4396
1645
4992
883
8684
4180
93
6938
544
8657
3171
906
976
1829
5167
444
1865
866
5187
3815
2885
6479
4279
8857
4153
8632
8589
7975
6967
4206
3730
2015
9316
9666
9088
3206
3924
8985
8945
9907
5681
6317
4623
9895
9179
529
6214
6119
7225
6878
5178
9463
6445
3566
7205
8389
4454
3828
4600
191
6095
5654
8227
6562
6389
9385
2352
4593
1493
5160
538
3854
7796
8672
1275
9928
2472
7562
6914
9057
6564
5350
9572
2938
8689
1248
2713
8669
4695
1874
3191
9271
3323
1286
4524
4864
5314
406
4180
1288
7604
402
5531
1872
8668
4349
2044
5602
652
21
392
1838
1965
1613
8627
4051
8451
3336
9000
518
5967
68
8796
7361
3919
1841
3056
2635
2848
2173
8672
8992
7955
8253
664
8141
8765
6314
5447
2762
9209
8773
6187
3092
6712
1912
2620
4454
7625
2091
6629
7235
6819
1408
5452
8995
7887
2268
4723
8872
66
1746
4599
4571
1176
7501
7862
1672
2717
953
9629
1939
724
6895
6447
7077
2075
1899
7154
8983
7573
2764
996
5193
6855
5864
6251
1920
9295
6633
1001
1674
9789
3816
8686
6079
4485
9012
2552
7254
9197
6815
2933
209
1234
4566
697
5862
5159
987
3643
3642
7741
0
4793
8764
5662
209
6125
3612
8786
287
1399
4870
8309
3157
6857
2335
8000
8985
450
9882
6244
224
706
712
2453
5902
1564
9434
1987
4634
5833
7588
3811
618
5385
6943
7260
9407
9781
6491
9214
5807
2096
1728
2685
1195
2572
3647
5852
5021
9096
2618
9347
6896
7239
7884
6275
5772
8956
3942
4336
732
7985
3511
1709
6622
8663
8904
2710
3030
8632
8689
2566
5391
6520
411
4361
4080
1114
5619
5820
1334
6783
5352
3089
7731
7481
8465
2414
2323
6269
7998
1941
4743
2743
1209
5742
5409
7688
8536
3520
410
8154
2579
7438
1491
1700
172
1742
2166
9208
7744
8614
2312
826
7816
2720
4253
8460
4700
3740
3016
1268
7797
8323
1758
5119
7661
3401
198
4158
630
4157
2703
6127
9795
8619
1182
5607
9159
6512
50
714
3320
3773
7909
2413
8911
6708
930
3187
479
2047
14
4532
1376
1985
837
1708
2999
2548
9553
2095
8740
5489
41
2250
2263
6271
2436
4741
383
3506
1672
9284
3217
4404
8228
4317
7697
1938
2550
2516
9680
7869
153
2577
9795
417
6399
1427
6763
2546
1591
6926
9286
850
8300
2160
4178
3711
8713
1074
4713
5017
4204
3578
7310
5713
6390
4365
4226
3389
5900
5825
6626
8025
6718
9360
3809
2167
1762
536
1678
3191
3628
1376
6402
2081
3659
3893
6344
4655
4387
9923
137
5256
1474
8495
7059
6951
2369
2593
9333
6602
2730
4127
2265
3558
1457
2580
7599
5256
8912
1071
4194
2182
9346
7704
3946
9284
5964
8621
1597
5539
499
4603
8178
6420
6174
8968
8468
1754
6057
2397
4271
6381
2418
4833
2602
8122
8404
129
1377
7416
430
8156
2557
1205
3168
2154
7330
5823
1633
7484
7862
1775
4879
5662
5513
3024
4436
4361
4421
1774
6689
9958
2947
1929
5242
7053
9063
4040
525
3099
7658
1738
3872
9650
7042
3383
6599
7642
5216
2565
7135
4581
2421
1784
6234
417
1106
1617
5415
8006
8219
9767
5165
3887
7654
8226
6980
8549
310
9763
1936
2711
6287
498
4906
6566
7717
5696
6509
1229
6550
9275
7546
2413
9232
8736
4489
8950
4768
5930
6077
6658
7432
3144
8258
3276
2812
189
1413
9710
9626
2177
1056
2728
6771
2501
3600
5948
8970
7236
4309
8197
184
3221
6614
648
2042
7244
4031
6771
1240
2000
6392
7667
4498
9687
5587
8674
4089
6718
2401
7164
8215
421
289
3218
7612
1431
4998
3448
7910
7015
6244
1737
7004
9654
8135
7466
4071
3169
3456
2172
9469
2374
7038
6059
2092
2903
9428
9571
7296
1176
2908
8179
5969
9027
3928
3321
6460
1371
1088
5661
1291
9501
9997
8282
2052
9506
1665
8695
2683
6609
1617
7411
6341
2049
2913
5823
3354
5900
122
3061
2661
8112
7258
8358
9900
8927
6104
2658
4695
3206
7874
4048
4559
6874
645
3998
9988
6126
488
7762
7914
849
5702
5550
4785
4437
6454
3682
5264
3834
7832
3596
2526
2761
3983
938
9228
6957
741
1872
2706
75
1135
7669
9413
6306
3743
5032
7841
9229
3792
3440
7753
2470
4801
289
9048
3653
9601
9898
3091
8774
6259
3786
6301
3144
3662
3971
8950
6753
6964
8856
8769
191
1885
208
3489
8553
3295
4444
4735
5316
284
4629
7274
1186
2681
7678
9740
1301
6246
6969
1637
8418
6478
5493
6023
3184
8301
9109
7357
7327
3673
9772
6744
9397
3214
4053
3031
627
506
3727
7970
7879
5074
2244
8179
2619
2383
9083
8882
6874
5353
3604
9452
1699
5310
5601
2815
3830
7582
2868
9333
4795
1590
2930
6426
1218
8600
3127
5099
6132
3635
4644
1613
5017
5284
723
423
3491
5577
7899
6494
4536
9022
7406
651
9437
8406
192
5834
1549
3831
3011
7250
1785
4354
3805
8380
4889
4429
4667
1698
625
655
5791
4021
5087
3528
3924
4122
9888
5498
98
5283
3394
7576
8365
2534
1620
9754
8008
1180
6714
4794
3895
9400
5533
8830
2098
4817
9807
8450
5157
3566
8284
177
8404
6237
572
9040
9836
7329
4164
1927
9605
7014
4285
7837
6467
7985
7036
6719
8652
9640
176
2428
3284
619
827
6496
756
9550
1735
2443
9801
1301
7130
3294
7832
9195
2820
6801
1311
1246
8565
3411
7367
1434
8156
5583
6469
6496
4250
6088
3728
3459
4324
8561
4349
3152
8935
8379
5271
5063
3542
6348
2506
4250
6623
3816
734
8145
3117
2559
3968
9559
3030
2339
7148
7828
19
4980
9623
9848
9264
8361
2729
4769
9626
205
1160
649
3269
4836
3055
8528
2288
7433
3869
5105
1920
5782
1466
3315
3672
2062
949
4254
2410
8330
2312
1832
8280
6654
5133
5596
1955
3047
7258
213
8357
9988
5575
8764
2794
654
4976
6700
1656
2806
9798
9310
8623
6521
6897
3078
5083
3490
8480
153
2343
7996
1904
1225
7612
8146
5050
7103
8
1382
1895
9124
2873
7050
3167
3340
1224
7694
6975
5296
866
5078
9897
7590
4321
6183
9589
4286
874
9631
2886
4987
1008
6670
3383
5229
9238
8548
9716
2071
8913
5337
6100
3298
5659
6707
5956
8973
3156
9335
9248
2783
4339
2319
1898
2347
491
1876
3068
5246
3913
9608
8282
9945
4009
6499
1825
8181
4616
6456
3117
2327
8659
4180
870
322
7567
7058
3225
9636
450
1389
2805
1230
1359
3043
7740
4483
7663
1907
2618
5740
9226
227
434
4133
8790
4752
1187
3080
2886
1042
2313
5764
8115
7323
9264
393
6888
5997
2932
8723
135
4005
3604
9809
4857
1720
8404
2193
6371
1944
1810
9673
4788
7938
8464
2900
410
7544
7568
4088
9157
1158
8670
3056
9875
9187
1686
7499
2971
2582
2823
352
6213
978
6752
5355
1958
2144
390
2073
6761
9384
8343
3964
6121
8539
1785
4795
7675
1887
9948
5258
4520
8376
9502
8417
105
5888
1261
8683
7963
5171
3223
1837
3809
7225
3821
2881
3513
384
950
7615
5879
582
8192
3575
2525
2896
5009
5085
9804
3290
7515
9041
4340
1708
3294
5129
8711
8404
1384
4974
4044
2838
344
4720
48
9197
7408
3143
9175
9244
7672
3655
1727
8182
942
8319
645
5942
651
2382
5217
2492
9874
2082
6381
7205
2754
1470
6403
1350
2427
5800
548
7460
7613
8732
7268
7106
6091
8272
5107
7704
4111
3750
4183
8477
8855
407
7077
4402
7245
7362
3566
1402
7492
5265
6262
3705
2126
2355
320
9847
4138
1420
6564
9777
363
9846
147
7261
9476
1
8050
7416
3424
2430
802
9806
5358
5396
4544
9542
8761
9997
5415
5463
1381
2801
2883
9930
1653
8541
65
5789
2858
3439
739
9761
2054
7616
687
5394
6207
8654
5671
3232
5343
6869
9475
7342
903
2250
6298
1494
3092
2532
7872
9815
7610
7463
1049
9501
1581
8030
1500
7612
7006
5220
4787
280
2098
7423
5358
3747
303
3786
8807
2548
8319
9774
576
1744
1783
4908
440
9416
5618
5561
2333
5407
4694
8503
2300
1766
6136
1388
6340
5799
3738
1072
5016
1162
7923
5784
1731
7270
2360
186
5397
4216
3254
5341
4060
425
9137
2031
6926
511
1574
1618
3714
7139
4749
5716
1999
1610
3402
6425
9516
146
9411
55
279
9386
5932
1374
1985
863
3534
4578
4422
1679
7926
7254
4298
9036
7273
1079
8271
9487
117
3618
9091
3845
6835
9715
167
2251
6937
6923
2346
8977
1212
6797
4403
5214
354
1829
1326
6673
4389
8629
5309
271
7476
8926
816
7581
9476
3143
2816
2283
4355
2829
7701
6539
1229
9416
9383
6077
8807
5189
8993
2137
713
3973
465
7017
2745
6385
2316
5152
7474
9016
4511
6842
7348
3079
2977
1089
2996
2244
8980
6585
8484
6983
1418
4969
350
7494
84
2246
4249
9595
2261
8510
5886
7460
4949
2174
1269
519
1425
2513
4760
9199
1200
1797
2409
6151
705
9499
1663
4434
8560
7547
76
4261
1063
5138
2634
226
8465
5833
3411
2306
5386
4611
9632
317
4690
1138
1449
1017
6896
5591
5164
6493
4723
6164
9353
401
5508
4944
7673
3124
7239
8550
8526
2137
4944
6906
1990
959
8947
106
5401
1980
5171
3244
5826
7685
3708
8506
9531
2237
1661
5814
5984
7207
6588
1067
9862
8953
1998
5411
8164
3407
5086
8799
2303
1033
5114
6198
4788
9603
1133
9532
9551
3967
2758
7694
1880
9568
6472
7256
7309
4421
6635
2467
2666
721
5153
2238
4357
5715
5250
6744
7462
4359
8856
7016
5875
9176
7751
6473
9738
6688
4036
8613
1688
3581
6678
3276
7879
9938
1050
3649
8499
4279
8928
9521
2477
9742
8483
4225
6377
8356
7718
7380
3154
7631
2394
8342
1102
634
7484
3863
3404
9930
4795
1319
6681
6060
839
7130
4114
4798
3157
697
8595
6678
7855
6357
8270
1395
9800
5048
4968
9806
8333
6826
5005
5788
4375
9084
8179
6195
6782
501
8732
5238
8311
8375
5174
1359
6685
3613
7901
905
7518
5940
4368
9415
2220
8402
3456
8131
9460
1495
4052
6343
5755
5247
8778
2466
9556
1968
6456
4712
8463
8119
6400
8456
428
2313
5522
2923
6508
632
8796
3574
7288
9685
1325
1932
9867
717
8951
3940
1274
8513
8738
7026
165
7478
4653
5924
7365
8293
8575
3771
9508
6063
9164
9668
6621
5777
7347
7650
2824
6992
4852
1498
6200
9314
8239
9819
3088
681
1207
3208
1599
7356
6982
8771
3661
2739
5018
647
6701
9775
1661
4354
9058
5939
7266
9309
9646
6787
2987
8890
790
2568
1864
3353
9841
3101
5849
3254
9951
794
1397
2051
8422
7946
6291
4542
2040
9851
9685
7054
1728
5409
8181
3055
283
791
8616
4824
7284
6307
4095
9813
5608
7605
5548
8710
5880
1996
4529
5699
4188
5173
6628
7834
6740
2577
4847
3655
6938
8833
6835
5487
7652
4369
3981
3704
3749
2542
9201
8312
5395
9125
7203
4281
6755
6730
7524
8854
8016
9969
3417
309
4651
7101
7592
209
9340
3011
9548
3315
295
1786
5847
7484
9930
7569
8567
1137
8419
1404
7201
1203
3774
685
1594
5385
9899
4795
3285
1085
8878
8674
2982
7409
9680
2038
3909
348
1299
2565
5647
4964
9187
2857
6806
4041
6440
9862
808
4364
3080
1654
2061
8714
7321
9934
6153
1481
3748
5549
7746
5630
293
6209
8236
9689
8335
1685
9424
8046
3405
6059
731
6464
1091
9250
9315
219
2130
9956
2420
7310
6362
6671
5368
8900
10
7310
405
7198
3779
8611
2655
5102
7914
2771
9839
7650
2892
1742
4252
7964
2941
281
1110
9082
5049
6858
434
374
8251
959
2142
9884
2699
1292
3862
2291
6050
367
2639
986
8058
1041
9825
2913
1457
540
6802
1697
9964
2484
5149
3737
4343
8675
658
3014
3274
1396
3943
7982
2584
4059
8780
265
5009
6000
9915
3292
7383
6566
478
355
5486
8972
7163
6122
9293
4096
731
4601
3953
331
2376
5690
6272
4653
2196
1368
2170
6997
2374
6902
3980
2012
336
9288
3311
6799
364
6898
8493
4520
5684
3772
724
7608
6753
9006
3122
7651
2604
622
3472
3175
2304
6547
4092
7370
1328
4437
2158
7472
9300
2771
8844
8470
6479
5232
7353
5982
5516
4330
3768
5095
2487
5529
3166
4808
4104
5649
9829
232
7321
3108
3869
3869
1113
1559
1342
7072
6329
9855
6792
8681
1812
1240
6651
637
2636
5154
7890
1152
2047
7640
426
9224
6377
110
7329
336
6610
7718
4234
389
8216
6991
5421
7601
6807
2987
394
1009
6037
5628
9742
3701
5963
2698
5390
2484
2013
291
2912
7162
3370
3232
7770
7327
4654
6815
9986
5988
4949
4098
1860
6013
8379
4228
338
1893
6095
5475
7509
8931
134
3631
8482
7080
6859
6669
6984
3057
1812
9896
8870
6175
3760
8005
5386
1920
1100
1057
8579
5033
7461
3817
2472
7459
2775
613
1793
496
404
2947
6131
7384
1089
6924
5722
9316
7258
676
9118
2502
4806
2643
4968
1587
5493
9003
6862
6174
3205
1446
4762
1587
9220
830
3753
3900
944
952
5407
9075
4058
9102
6471
2645
4842
5655
4840
8543
3515
4453
5156
2376
9575
5674
9882
7371
4333
9208
3531
4975
5550
3556
2729
8356
5864
6694
3868
9325
7658
3712
9230
84
9830
8616
1446
2462
5844
6900
8594
7021
35
2129
4925
8268
2442
4848
4112
3978
8845
3310
7108
9094
6427
8526
8086
8099
3988
4149
8628
1768
1464
3217
8644
5095
7467
4647
9843
3719
5444
2024
4410
3889
133
6127
2781
7508
3621
2505
6654
6965
9000
4097
5198
9974
7088
8344
2580
6017
6301
4942
7798
6786
5776
3087
7299
1583
7837
2445
2195
3380
9087
9861
6726
8143
3637
8209
7481
149
5866
3866
7304
287
3202
3415
285
6004
592
6918
5590
4116
5109
9510
8453
511
3252
1807
3793
1776
7344
9278
1177
1833
630
2961
8617
7996
3607
3051
149
8675
1934
5397
5986
1500
1776
3730
6996
8325
6929
6877
9730
3792
5154
4544
6662
8707
9080
5891
8848
6079
8777
9648
8362
7626
8064
3167
3990
1275
2496
6275
1348
6385
5492
1824
9600
7041
5349
3335
5560
2715
9493
9455
5899
6728
8424
2290
9996
6353
3090
593
4710
2895
4315
325
6313
5546
5519
1203
147
8560
5667
523
4491
3701
1650
637
4822
2113
7813
393
9884
4667
6081
114
9748
9440
7369
4333
2700
7823
6980
9148
3157
452
9562
8929
9867
1503
329
5601
4419
5600
7876
1288
6461
306
2826
530
7736
9841
532
493
5604
1481
1240
2649
3955
716
1051
6872
7225
2992
7812
504
5731
435
5963
9626
1812
4395
8960
3870
362
7519
887
2797
8222
3451
1537
2994
1050
1252
311
5062
8038
5657
4895
920
4603
1
497
597
6664
3943
1075
7353
819
2671
4369
466
3159
5732
4600
1116
4251
8655
6753
815
4532
5750
2043
418
7329
6415
8481
3162
1043
9903
6923
1779
1616
435
768
297
2605
6666
2728
2643
5656
9869
2400
2445
4296
6236
2551
6321
2204
9735
8453
9970
800
7237
6332
9236
7103
2884
6582
3195
9570
6142
1646
7374
8710
133
1290
4359
5643
6171
9046
8283
6008
9760
8364
209
6956
9256
9023
4432
8416
6888
3624
7305
3657
9757
5191
5934
5577
9642
7627
3533
2036
2492
4636
5134
7392
827
9125
5061
2262
3775
8144
4083
1830
3644
5450
1759
8951
4812
3413
6797
379
840
4700
9289
4192
9139
97
3506
9875
6578
9490
9414
7344
8828
8491
4293
7780
282
8869
9572
2611
6042
3915
4305
486
4102
5997
638
4316
3148
9261
3900
9809
5242
7559
454
188
6169
5598
7254
8402
547
5649
9687
6312
321
4557
105
2517
181
9004
6347
6406
2240
7851
8216
3244
9234
3337
2640
688
7164
5979
1970
6902
5043
2108
3859
4799
6180
3330
3613
2504
8590
4396
8775
5040
7680
8231
7421
5751
3200
3136
2220
2434
2517
7060
5420
4859
3234
9250
5946
8438
704
3042
8929
1246
486
4896
3061
573
1080
4896
3851
4970
8681
7285
6840
9869
6302
6557
2773
4270
9328
1316
3004
4428
2829
169
4257
905
7148
7101
9312
9874
7484
9287
9887
8637
6552
9205
1311
4395
5528
3550
2693
9757
5879
5122
6927
3442
7661
1154
3125
9102
4889
6124
1278
3239
2348
2943
5100
7241
8788
9645
5557
1962
6819
3854
6431
6567
8028
8113
3335
9644
6378
2846
4381
5843
8701
8583
2080
484
4898
8044
6770
4811
4461
9917
1191
1736
6806
7322
7535
63
4461
4407
3118
9919
3643
8715
2757
3728
4614
9496
1502
1989
849
4229
1913
6098
4558
7318
8606
6567
9009
1853
6302
4666
4690
2234
2347
3298
4190
4766
9744
4447
7291
77
6542
9064
9910
1778
4661
1708
3419
3996
2699
6042
7024
646
3836
9196
6223
1941
9198
2942
2750
9754
9279
1741
3564
2839
1645
5738
8266
6542
8114
3341
51
485
7755
9286
2874
4278
4419
2719
6895
3187
656
2942
8621
8151
1258
4791
1139
5303
6915
1533
8796
6007
2712
9417
5358
457
6786
8819
8092
6560
9049
2477
2696
4994
8966
352
5817
764
6899
9390
5588
4336
738
9622
8298
3530
791
5381
9870
4896
8898
7066
1153
823
5245
9698
108
7138
6094
4498
8073
2086
9257
195
3599
121
7302
5496
120
5944
5898
3291
3504
8888
6421
885
5372
9924
2167
7788
6453
7253
3647
9222
688
5376
5058
108
2267
7384
3524
8058
8597
9717
6343
483
2651
7709
4717
3954
6139
478
1707
2011
8279
7677
3884
8703
5719
8601
5438
4975
3419
2521
8158
8423
9452
4644
4379
2748
8606
6543
3641
5488
4373
3696
4229
4578
3600
5010
5040
9907
7302
2817
5514
9426
4907
8917
3708
8666
415
2108
7441
7473
4132
3872
9442
6913
75
4648
9037
3940
9770
6665
17
4584
8891
9613
4425
1186
5555
8748
8194
5886
4781
4455
1131
5461
9699
7380
8664
8359
7768
5602
1363
1512
