1
2
4
4
4
7
9
9
10
10
11
12
13
15
16
16
17
18
19
22
24
24
24
25
26
26
26
27
27
27
28
28
29
29
29
30
30
31
31
32
35
36
38
38
41
42
42
43
44
46
47
47
47
50
51
51
53
53
54
54
58
58
60
60
61
62
62
65
65
65
66
66
66
67
68
69
70
72
74
74
74
75
75
76
76
77
78
80
82
83
83
84
84
86
86
86
89
89
89
89
91
92
92
94
96
96
97
98
99
99
100
100
103
105
105
108
108
109
109
109
114
116
117
117
118
118
118
119
120
121
121
121
122
122
123
124
125
125
125
127
127
128
129
130
130
131
133
133
135
136
137
137
137
138
139
140
141
141
142
142
142
142
144
145
145
146
147
151
151
152
152
153
154
154
155
156
156
156
157
159
160
160
160
160
164
165
166
166
167
169
169
170
172
172
174
175
176
177
182
188
188
188
189
190
192
192
194
195
195
196
197
198
199
199
199
203
203
204
205
206
207
207
208
209
211
211
212
214
215
216
218
219
220
222
223
224
225
226
226
228
228
228
228
230
230
230
232
232
233
235
236
236
236
237
238
239
241
241
242
243
244
249
250
253
255
257
258
258
260
260
263
263
265
265
266
266
267
270
271
272
277
277
277
279
279
279
280
280
281
283
284
285
286
288
288
290
293
295
295
296
298
299
300
300
301
304
304
308
308
308
308
308
309
309
311
312
312
312
313
313
315
317
319
319
319
319
321
321
321
322
326
327
327
327
327
328
328
329
330
330
331
333
333
333
337
337
337
340
340
342
343
343
344
347
348
348
348
348
350
353
353
353
354
354
354
355
355
356
356
359
360
361
362
363
365
367
370
370
370
373
373
374
374
377
378
378
378
378
379
380
381
382
383
383
384
385
386
387
387
390
390
391
393
394
395
395
396
396
400
401
402
402
402
404
404
407
407
407
407
408
408
409
413
413
414
416
417
417
420
421
422
424
426
426
427
427
428
432
433
435
435
435
436
436
437
437
438
441
442
445
446
448
449
449
452
454
455
455
455
456
458
459
459
459
460
460
460
463
464
464
465
467
467
468
469
469
473
474
475
475
475
476
477
477
477
477
479
480
485
489
489
492
493
494
495
495
495
496
498
499
499
499
503
503
503
504
504
505
507
507
508
508
508
509
512
512
514
514
516
516
517
519
519
520
520
520
521
522
522
524
524
525
526
527
529
529
532
532
533
533
534
535
536
536
537
537
538
539
539
540
540
542
542
543
543
544
544
546
547
548
549
551
551
552
553
554
556
556
556
557
557
557
558
560
562
562
566
567
569
570
570
571
574
575
576
576
577
577
577
578
579
580
583
584
584
585
585
588
590
590
591
592
593
594
595
596
597
598
599
600
601
601
601
602
602
603
603
604
604
604
604
604
604
605
606
609
610
611
612
612
614
614
614
615
617
617
618
618
618
619
620
622
623
623
623
625
626
628
628
629
630
631
632
635
636
638
639
641
644
645
646
646
648
649
650
650
652
653
653
654
656
657
657
658
658
659
659
659
661
662
663
663
664
665
666
666
668
668
668
669
670
675
675
678
679
683
684
685
686
686
686
688
688
689
690
690
691
698
698
700
700
701
701
701
702
703
704
704
705
705
706
706
706
707
708
709
710
710
710
710
711
711
712
714
714
715
716
719
719
719
720
726
732
732
735
736
737
737
738
740
743
744
744
744
745
745
748
749
750
750
751
751
751
752
753
754
756
756
757
758
758
758
758
759
760
761
762
763
763
763
764
764
764
765
765
765
766
768
769
770
771
771
772
773
774
777
777
777
781
782
782
782
784
784
785
787
788
789
789
790
793
794
794
794
794
795
795
799
801
803
804
806
807
809
809
810
810
811
812
812
812
814
815
816
817
819
819
819
821
821
821
823
825
825
827
827
833
834
835
836
837
837
840
840
840
842
842
842
843
843
844
847
849
850
850
852
854
855
855
855
856
858
858
859
859
862
862
862
866
866
868
868
871
872
872
872
873
873
875
877
877
878
880
883
886
886
888
888
888
890
890
894
895
896
897
898
898
899
899
900
901
902
903
904
905
905
907
908
908
909
910
911
911
912
912
914
914
916
916
917
919
920
920
920
921
922
923
923
924
925
926
928
929
929
930
932
932
935
936
936
936
936
936
937
937
940
940
942
943
944
944
944
946
947
949
952
953
954
955
958
958
959
961
962
962
962
965
966
966
966
967
968
968
969
970
970
971
972
973
974
975
977
978
979
979
980
980
980
980
981
981
982
982
983
984
984
985
986
987
987
989
990
990
991
993
993
994
997
997
998
999
1000
1001
1003
1004
1008
1008
1011
1013
1016
1017
1018
1018
1019
1020
1022
1023
1024
1025
1025
1027
1027
1027
1028
1030
1032
1033
1033
1034
1035
1036
1037
1037
1037
1040
1041
1043
1044
1044
1046
1047
1047
1048
1048
1049
1051
1052
1054
1054
1055
1055
1056
1057
1059
1059
1060
1061
1062
1066
1070
1072
1072
1072
1074
1075
1075
1075
1077
1078
1079
1079
1080
1081
1082
1082
1083
1084
1085
1085
1087
1087
1088
1088
1089
1090
1090
1092
1093
1094
1094
1095
1095
1095
1096
1097
1097
1099
1099
1099
1100
1101
1101
1101
1102
1104
1104
1105
1109
1109
1110
1110
1111
1112
1112
1113
1113
1113
1116
1116
1118
1119
1120
1123
1124
1126
1129
1130
1130
1130
1131
1131
1132
1133
1138
1139
1140
1143
1143
1143
1143
1144
1147
1150
1151
1152
1152
1152
1153
1153
1153
1153
1155
1156
1157
1160
1160
1162
1163
1164
1164
1165
1165
1168
1168
1168
1169
1170
1170
1170
1171
1172
1174
1174
1175
1178
1178
1179
1181
1183
1183
1184
1184
1184
1184
1185
1187
1190
1191
1192
1192
1194
1195
1196
1200
1202
1202
1206
1206
1206
1207
1209
1210
1211
1214
1215
1217
1220
1220
1220
1220
1221
1221
1223
1224
1224
1227
1231
1232
1232
1233
1233
1234
1236
1236
1236
1238
1242
1244
1245
1245
1248
1248
1250
1251
1253
1254
1254
1258
1263
1265
1268
1274
1274
1274
1276
1277
1278
1279
1279
1280
1281
1283
1285
1286
1286
1286
1286
1286
1288
1289
1291
1291
1294
1294
1294
1294
1296
1298
1300
1302
1303
1304
1305
1305
1306
1306
1306
1308
1308
1308
1308
1310
1310
1311
1312
1312
1313
1313
1315
1316
1317
1319
1319
1323
1323
1324
1324
1326
1326
1327
1328
1330
1331
1333
1336
1338
1339
1339
1340
1340
1341
1342
1342
1342
1344
1344
1345
1346
1348
1352
1355
1355
1357
1360
1361
1361
1361
1362
1362
1362
1364
1364
1364
1365
1365
1368
1368
1369
1370
1372
1373
1374
1374
1375
1376
1377
1378
1378
1378
1379
1379
1380
1381
1381
1382
1383
1383
1383
1384
1385
1385
1385
1386
1387
1388
1388
1388
1388
1393
1396
1396
1396
1397
1400
1401
1404
1405
1406
1407
1407
1410
1411
1412
1412
1412
1413
1415
1415
1416
1419
1419
1419
1419
1420
1421
1421
1422
1422
1422
1424
1425
1425
1425
1426
1427
1427
1427
1428
1430
1431
1433
1436
1436
1437
1438
1439
1439
1442
1444
1444
1447
1452
1457
1457
1457
1457
1458
1459
1459
1459
1460
1461
1461
1461
1462
1464
1465
1467
1468
1468
1470
1470
1470
1473
1475
1475
1476
1477
1477
1477
1479
1479
1480
1481
1482
1484
1485
1486
1489
1490
1490
1491
1492
1493
1494
1495
1496
1497
1497
1497
1499
1499
1500
1501
1501
1504
1504
1506
1507
1507
1508
1511
1511
1512
1512
1512
1514
1514
1515
1516
1517
1519
1520
1522
1522
1523
1523
1524
1525
1526
1527
1527
1530
1531
1531
1532
1533
1533
1536
1537
1538
1538
1539
1539
1539
1540
1540
1543
1544
1544
1544
1546
1547
1548
1551
1552
1552
1553
1554
1555
1557
1557
1558
1559
1559
1561
1561
1562
1562
1563
1563
1565
1566
1567
1567
1570
1570
1571
1571
1573
1574
1574
1577
1577
1577
1581
1581
1582
1583
1584
1588
1588
1589
1590
1591
1592
1593
1596
1596
1597
1598
1598
1601
1601
1602
1604
1604
1604
1604
1606
1606
1608
1608
1608
1609
1609
1609
1611
1613
1613
1614
1614
1615
1617
1619
1619
1619
1620
1621
1621
1622
1623
1625
1626
1627
1627
1628
1629
1630
1631
1632
1632
1632
1633
1633
1633
1634
1635
1636
1637
1638
1638
1643
1644
1644
1646
1646
1646
1647
1647
1647
1648
1648
1649
1649
1655
1656
1657
1657
1657
1658
1662
1664
1665
1667
1667
1667
1667
1669
1671
1671
1673
1673
1674
1675
1676
1681
1683
1684
1685
1687
1687
1689
1689
1689
1690
1691
1691
1692
1693
1693
1695
1695
1696
1696
1698
1699
1699
1701
1701
1702
1704
1705
1706
1708
1709
1710
1711
1711
1711
1712
1714
1714
1715
1717
1718
1718
1720
1720
1721
1721
1721
1723
1723
1725
1725
1725
1728
1729
1730
1730
1731
1733
1734
1736
1736
1736
1737
1737
1737
1738
1738
1739
1739
1740
1741
1741
1743
1743
1744
1745
1746
1746
1747
1747
1747
1747
1748
1748
1748
1750
1751
1754
1754
1756
1756
1758
1761
1761
1762
1762
1764
1764
1765
1767
1769
1770
1771
1774
1774
1775
1776
1777
1779
1781
1783
1786
1787
1787
1788
1789
1789
1789
1790
1790
1791
1791
1791
1793
1793
1794
1794
1795
1796
1797
1797
1797
1798
1799
1800
1801
1802
1804
1805
1806
1806
1807
1810
1811
1812
1813
1813
1813
1813
1814
1814
1817
1820
1820
1820
1821
1821
1822
1822
1822
1823
1823
1824
1825
1826
1826
1826
1826
1827
1827
1828
1829
1831
1832
1832
1832
1833
1836
1839
1839
1840
1842
1842
1843
1843
1843
1845
1846
1847
1849
1849
1851
1854
1855
1855
1855
1856
1857
1858
1859
1860
1861
1861
1861
1864
1864
1865
1867
1869
1869
1871
1871
1872
1875
1876
1878
1881
1882
1883
1884
1887
1888
1888
1892
1893
1893
1898
1899
1899
1901
1901
1902
1903
1903
1904
1905
1909
1910
1911
1912
1913
1914
1915
1916
1916
1917
1918
1918
1918
1918
1919
1919
1921
1922
1923
1923
1923
1923
1927
1927
1928
1929
1931
1931
1933
1934
1935
1935
1936
1937
1937
1938
1939
1940
1941
1942
1943
1943
1943
1944
1946
1947
1948
1949
1949
1949
1951
1951
1951
1952
1954
1955
1957
1958
1959
1961
1962
1964
1964
1964
1965
1966
1967
1967
1968
1970
1971
1972
1972
1973
1978
1979
1979
1980
1981
1981
1981
1982
1983
1983
1987
1988
1989
1991
1993
1993
1993
1996
1996
1996
1997
1998
1999
1999
2000
2000
2002
2002
2003
2003
2003
2003
2005
2005
2007
2007
2008
2008
2010
2011
2012
2012
2015
2015
2016
2019
2019
2020
2020
2022
2024
2025
2026
2028
2029
2030
2030
2031
2031
2032
2034
2034
2036
2037
2037
2037
2038
2038
2038
2039
2041
2041
2043
2044
2044
2045
2046
2046
2046
2048
2049
2049
2050
2050
2051
2052
2054
2060
2062
2064
2070
2070
2071
2072
2072
2073
2074
2074
2075
2076
2077
2077
2077
2078
2079
2079
2081
2082
2083
2084
2085
2085
2087
2088
2088
2088
2089
2090
2091
2092
2092
2092
2095
2095
2096
2099
2099
2100
2103
2104
2104
2105
2106
2109
2109
2110
2111
2112
2112
2112
2113
2115
2116
2117
2118
2118
2119
2120
2121
2121
2124
2124
2125
2125
2126
2126
2130
2133
2135
2136
2136
2136
2136
2140
2141
2143
2144
2145
2145
2146
2147
2147
2147
2147
2150
2152
2153
2153
2153
2154
2154
2155
2156
2156
2157
2158
2159
2161
2162
2162
2163
2163
2165
2166
2168
2169
2171
2172
2173
2175
2175
2176
2176
2176
2176
2179
2179
2179
2183
2184
2186
2187
2188
2188
2188
2189
2193
2193
2193
2195
2196
2196
2196
2197
2197
2198
2199
2199
2199
2200
2200
2200
2202
2205
2208
2208
2209
2211
2211
2212
2212
2212
2217
2218
2218
2219
2222
2224
2227
2227
2227
2229
2229
2230
2231
2232
2233
2234
2234
2235
2235
2236
2236
2237
2239
2240
2240
2241
2244
2245
2245
2246
2247
2248
2249
2250
2251
2252
2254
2254
2255
2255
2257
2258
2258
2259
2259
2261
2262
2263
2264
2265
2266
2267
2269
2270
2271
2273
2273
2275
2275
2275
2276
2277
2277
2278
2278
2280
2281
2282
2282
2284
2284
2284
2284
2287
2287
2287
2289
2289
2290
2291
2292
2292
2293
2295
2297
2298
2299
2299
2301
2301
2306
2308
2310
2311
2312
2313
2314
2314
2314
2316
2323
2324
2325
2325
2326
2327
2329
2330
2333
2334
2335
2335
2336
2338
2339
2339
2340
2341
2343
2348
2350
2350
2353
2353
2353
2355
2357
2358
2359
2361
2362
2362
2362
2363
2363
2364
2364
2364
2365
2365
2367
2367
2368
2369
2370
2370
2371
2373
2373
2374
2378
2379
2379
2381
2382
2382
2383
2384
2387
2387
2387
2389
2390
2391
2391
2392
2395
2396
2396
2397
2399
2401
2402
2403
2403
2405
2407
2407
2407
2408
2408
2408
2409
2409
2409
2409
2410
2410
2410
2410
2411
2412
2416
2417
2418
2418
2419
2419
2423
2424
2424
2424
2425
2428
2428
2430
2431
2432
2432
2434
2434
2436
2436
2437
2437
2437
2439
2439
2441
2441
2441
2442
2443
2443
2445
2445
2446
2446
2446
2447
2449
2451
2452
2459
2459
2461
2462
2462
2463
2464
2464
2465
2467
2469
2470
2470
2471
2474
2474
2475
2475
2475
2477
2480
2481
2482
2482
2483
2483
2484
2484
2488
2489
2489
2490
2493
2495
2496
2496
2497
2497
2497
2499
2500
2500
2502
2502
2503
2504
2505
2505
2506
2508
2508
2510
2512
2512
2513
2513
2515
2518
2518
2518
2519
2519
2520
2521
2521
2521
2523
2524
2525
2525
2525
2525
2527
2527
2529
2531
2531
2532
2534
2534
2535
2537
2537
2538
2541
2541
2544
2545
2545
2545
2547
2548
2548
2548
2549
2549
2550
2551
2551
2551
2551
2552
2553
2554
2554
2554
2561
2561
2561
2563
2563
2563
2564
2564
2564
2565
2566
2567
2568
2569
2570
2571
2572
2573
2574
2576
2579
2580
2581
2581
2582
2582
2582
2583
2584
2584
2586
2586
2586
2587
2588
2589
2589
2591
2592
2592
2592
2594
2595
2595
2595
2597
2598
2599
2602
2605
2606
2607
2609
2610
2611
2611
2612
2612
2612
2612
2617
2618
2618
2619
2619
2620
2624
2625
2625
2626
2628
2630
2630
2631
2631
2632
2633
2633
2635
2638
2639
2640
2640
2640
2640
2641
2642
2643
2643
2643
2645
2645
2646
2647
2649
2649
2650
2651
2652
2653
2653
2655
2656
2656
2657
2659
2659
2660
2661
2662
2664
2664
2665
2666
2667
2667
2667
2669
2669
2670
2672
2672
2673
2674
2674
2674
2675
2676
2676
2677
2680
2680
2682
2687
2689
2689
2692
2694
2695
2696
2697
2697
2698
2699
2699
2699
2699
2701
2704
2709
2709
2709
2711
2712
2714
2714
2716
2716
2718
2718
2719
2719
2720
2720
2721
2722
2722
2723
2724
2728
2729
2729
2731
2732
2733
2734
2736
2736
2737
2737
2739
2739
2740
2741
2743
2747
2747
2749
2749
2749
2749
2750
2751
2752
2753
2754
2759
2760
2762
2762
2762
2764
2766
2766
2770
2770
2771
2773
2775
2777
2778
2781
2781
2785
2787
2789
2789
2790
2792
2793
2796
2798
2799
2799
2800
2801
2801
2801
2801
2802
2804
2806
2807
2808
2808
2809
2810
2810
2811
2812
2813
2813
2813
2814
2815
2816
2816
2818
2818
2818
2819
2822
2822
2822
2823
2823
2826
2827
2828
2829
2829
2830
2830
2831
2832
2833
2833
2833
2834
2834
2836
2836
2837
2839
2841
2844
2844
2847
2847
2849
2851
2852
2854
2856
2856
2858
2859
2861
2862
2863
2863
2864
2865
2865
2866
2868
2868
2869
2871
2871
2871
2872
2873
2874
2875
2876
2877
2880
2880
2880
2881
2881
2882
2883
2884
2884
2885
2886
2887
2888
2888
2890
2890
2890
2894
2894
2894
2896
2896
2898
2898
2901
2904
2905
2907
2908
2909
2910
2910
2917
2918
2919
2923
2924
2925
2926
2927
2929
2930
2930
2931
2932
2934
2935
2935
2937
2938
2939
2941
2942
2942
2943
2948
2948
2949
2950
2951
2951
2953
2954
2954
2954
2955
2956
2959
2959
2960
2960
2960
2961
2962
2964
2965
2967
2967
2967
2968
2969
2970
2970
2973
2974
2975
2975
2975
2977
2977
2977
2979
2980
2981
2982
2983
2985
2986
2988
2989
2989
2991
2991
2992
2992
2992
2993
2993
2994
2998
2998
2998
3000
3002
3002
3002
3003
3004
3004
3006
3008
3008
3008
3011
3012
3014
3016
3017
3019
3021
3022
3024
3025
3026
3028
3028
3031
3031
3034
3035
3035
3037
3038
3041
3041
3042
3042
3042
3043
3043
3044
3045
3045
3045
3046
3046
3047
3047
3049
3049
3050
3050
3051
3053
3054
3054
3055
3055
3056
3056
3060
3062
3063
3063
3064
3067
3071
3071
3072
3072
3072
3073
3073
3073
3075
3075
3076
3077
3078
3079
3081
3082
3083
3083
3083
3083
3084
3085
3088
3090
3094
3094
3098
3098
3098
3099
3102
3102
3103
3104
3105
3105
3106
3107
3109
3111
3112
3112
3112
3113
3114
3115
3115
3117
3117
3119
3120
3120
3123
3123
3124
3124
3127
3127
3128
3129
3131
3131
3133
3136
3137
3138
3139
3140
3141
3142
3142
3142
3144
3146
3147
3147
3148
3149
3150
3150
3150
3153
3154
3155
3156
3158
3160
3160
3160
3161
3162
3163
3163
3166
3166
3167
3167
3169
3170
3171
3171
3171
3172
3173
3174
3175
3176
3176
3176
3177
3181
3181
3182
3183
3183
3184
3185
3185
3186
3186
3186
3188
3191
3191
3192
3192
3192
3194
3197
3199
3200
3201
3202
3202
3203
3203
3203
3205
3206
3207
3209
3209
3210
3211
3214
3214
3214
3215
3216
3216
3218
3220
3221
3222
3226
3229
3229
3230
3231
3231
3234
3235
3236
3236
3236
3237
3237
3239
3239
3239
3240
3240
3243
3243
3244
3244
3245
3245
3246
3247
3250
3251
3251
3254
3254
3255
3256
3256
3257
3259
3259
3259
3259
3260
3260
3260
3261
3261
3262
3263
3263
3264
3267
3268
3270
3272
3273
3278
3279
3279
3280
3283
3284
3286
3289
3290
3290
3290
3291
3293
3295
3296
3296
3297
3297
3298
3300
3300
3300
3301
3301
3302
3303
3304
3304
3305
3306
3307
3307
3308
3308
3308
3311
3311
3311
3312
3313
3313
3313
3314
3318
3318
3321
3321
3322
3323
3324
3327
3328
3329
3330
3331
3334
3335
3337
3338
3339
3340
3340
3340
3341
3342
3342
3344
3344
3345
3347
3347
3347
3349
3350
3350
3351
3351
3351
3352
3353
3353
3353
3357
3357
3359
3359
3359
3360
3361
3362
3365
3365
3365
3370
3370
3370
3371
3372
3372
3374
3375
3375
3376
3378
3378
3380
3381
3381
3382
3382
3382
3384
3385
3387
3387
3389
3389
3390
3390
3392
3395
3396
3397
3398
3399
3400
3400
3401
3406
3407
3408
3408
3409
3415
3416
3418
3421
3421
3421
3423
3423
3423
3426
3427
3427
3428
3430
3432
3432
3432
3433
3434
3434
3434
3436
3438
3439
3439
3441
3442
3443
3445
3445
3445
3446
3450
3452
3452
3453
3454
3455
3456
3457
3458
3458
3463
3463
3464
3466
3468
3468
3469
3469
3472
3474
3475
3475
3475
3475
3477
3477
3477
3478
3481
3482
3482
3483
3484
3484
3485
3486
3486
3491
3493
3495
3496
3497
3498
3498
3499
3500
3502
3502
3505
3506
3507
3507
3507
3507
3507
3508
3508
3509
3511
3511
3511
3511
3511
3513
3514
3516
3516
3516
3517
3517
3519
3519
3519
3522
3522
3523
3523
3523
3524
3526
3526
3526
3527
3527
3528
3528
3529
3529
3530
3531
3532
3533
3534
3534
3534
3534
3538
3539
3539
3539
3539
3540
3540
3541
3541
3542
3542
3543
3544
3544
3545
3545
3546
3546
3547
3547
3547
3548
3548
3549
3550
3551
3551
3552
3553
3553
3555
3555
3555
3556
3557
3560
3560
3560
3560
3561
3562
3562
3564
3564
3564
3567
3569
3569
3570
3571
3572
3572
3574
3574
3574
3575
3576
3576
3577
3579
3581
3581
3582
3582
3583
3583
3583
3584
3585
3585
3586
3586
3587
3593
3594
3595
3597
3598
3598
3599
3602
3603
3604
3605
3607
3608
3608
3608
3611
3613
3616
3616
3616
3617
3617
3617
3618
3619
3622
3627
3627
3628
3628
3629
3631
3632
3633
3633
3635
3636
3638
3638
3640
3641
3641
3641
3642
3642
3643
3643
3643
3645
3645
3646
3646
3648
3648
3648
3649
3650
3651
3652
3652
3653
3654
3655
3656
3659
3662
3664
3665
3668
3668
3669
3670
3672
3675
3676
3677
3677
3678
3679
3679
3682
3682
3683
3684
3684
3684
3686
3687
3688
3688
3689
3691
3695
3695
3695
3696
3697
3699
3700
3700
3700
3702
3702
3703
3704
3705
3705
3705
3710
3710
3711
3712
3714
3716
3718
3718
3719
3723
3724
3726
3726
3727
3727
3728
3729
3729
3729
3729
3731
3733
3733
3736
3737
3737
3738
3738
3739
3739
3739
3739
3742
3744
3745
3745
3747
3748
3751
3752
3756
3758
3760
3762
3765
3765
3769
3769
3770
3770
3772
3772
3773
3773
3773
3775
3775
3775
3777
3777
3780
3782
3782
3784
3788
3789
3790
3791
3792
3792
3792
3793
3793
3793
3793
3795
3796
3799
3799
3799
3801
3801
3803
3803
3804
3804
3807
3809
3810
3810
3811
3812
3814
3815
3815
3815
3817
3817
3820
3824
3826
3826
3826
3827
3828
3828
3829
3830
3831
3832
3832
3832
3833
3834
3834
3834
3835
3835
3835
3836
3837
3838
3839
3839
3840
3843
3843
3845
3845
3845
3846
3849
3849
3849
3850
3850
3850
3851
3852
3852
3853
3853
3855
3856
3858
3859
3859
3859
3860
3860
3860
3861
3863
3863
3863
3863
3864
3867
3868
3869
3870
3870
3870
3874
3875
3877
3879
3882
3882
3884
3886
3886
3887
3887
3887
3888
3888
3891
3892
3892
3895
3896
3897
3901
3901
3902
3903
3903
3904
3906
3906
3906
3907
3907
3908
3910
3910
3911
3911
3912
3912
3914
3915
3915
3915
3916
3917
3918
3918
3918
3919
3919
3920
3921
3922
3924
3925
3925
3926
3926
3928
3928
3930
3930
3931
3931
3933
3934
3935
3936
3937
3939
3940
3944
3944
3944
3945
3945
3945
3945
3946
3947
3951
3953
3954
3958
3958
3958
3959
3962
3963
3963
3964
3964
3966
3969
3971
3971
3976
3976
3977
3978
3980
3980
3981
3981
3984
3987
3988
3992
3993
3993
3994
3994
3995
3996
3997
3998
4001
4001
4001
4005
4008
4008
4010
4011
4013
4015
4016
4016
4017
4018
4019
4019
4019
4019
4020
4020
4021
4021
4024
4024
4024
4025
4025
4028
4028
4029
4030
4031
4031
4031
4034
4035
4035
4035
4035
4036
4038
4038
4039
4039
4040
4042
4042
4042
4044
4047
4048
4049
4050
4051
4051
4052
4052
4053
4053
4054
4055
4056
4058
4058
4058
4060
4060
4062
4062
4062
4067
4067
4067
4067
4070
4071
4071
4073
4073
4074
4076
4077
4077
4080
4080
4081
4081
4084
4084
4085
4085
4086
4090
4091
4092
4092
4094
4095
4095
4097
4097
4097
4098
4101
4101
4101
4103
4103
4106
4108
4108
4109
4110
4111
4113
4114
4114
4114
4114
4116
4117
4117
4117
4118
4118
4118
4119
4119
4119
4122
4123
4128
4129
4129
4129
4129
4131
4131
4136
4137
4137
4137
4140
4142
4143
4143
4144
4145
4147
4148
4150
4151
4153
4154
4156
4158
4158
4160
4162
4163
4164
4166
4166
4167
4167
4168
4169
4169
4170
4170
4171
4173
4173
4175
4175
4176
4177
4178
4179
4180
4180
4181
4182
4182
4182
4183
4184
4185
4186
4186
4186
4187
4187
4188
4189
4190
4191
4191
4191
4192
4193
4194
4196
4202
4202
4202
4203
4207
4209
4209
4209
4210
4211
4211
4212
4213
4215
4215
4215
4219
4219
4220
4222
4223
4223
4224
4226
4227
4227
4228
4231
4231
4232
4233
4234
4236
4237
4238
4240
4241
4241
4242
4243
4244
4244
4245
4245
4247
4247
4248
4248
4249
4250
4251
4251
4252
4252
4254
4254
4255
4255
4255
4255
4257
4258
4259
4259
4261
4262
4264
4268
4269
4271
4271
4271
4273
4274
4275
4277
4277
4279
4281
4281
4281
4281
4282
4284
4284
4285
4288
4288
4290
4290
4291
4292
4292
4293
4297
4297
4300
4302
4302
4302
4303
4305
4305
4307
4307
4309
4309
4309
4310
4310
4312
4312
4312
4313
4315
4315
4315
4317
4318
4321
4321
4324
4324
4325
4327
4327
4328
4328
4329
4329
4330
4332
4333
4333
4333
4334
4335
4335
4335
4336
4336
4336
4339
4339
4339
4339
4340
4341
4341
4341
4341
4343
4343
4344
4344
4345
4345
4346
4351
4352
4354
4354
4355
4362
4363
4364
4365
4365
4366
4367
4367
4367
4367
4368
4368
4368
4370
4371
4371
4371
4372
4372
4373
4373
4376
4379
4379
4379
4380
4380
4382
4385
4385
4385
4385
4385
4386
4387
4388
4391
4392
4392
4392
4393
4393
4395
4396
4401
4403
4403
4403
4403
4404
4405
4405
4406
4406
4406
4407
4408
4409
4409
4410
4410
4412
4412
4414
4415
4415
4415
4415
4416
4419
4420
4424
4425
4427
4428
4428
4429
4429
4429
4430
4430
4430
4430
4431
4432
4433
4437
4437
4438
4438
4439
4440
4441
4441
4444
4445
4446
4447
4448
4448
4449
4449
4451
4451
4452
4452
4452
4452
4453
4453
4453
4453
4455
4455
4457
4458
4459
4460
4461
4462
4462
4463
4464
4465
4466
4468
4469
4469
4470
4471
4473
4475
4477
4477
4480
4481
4482
4484
4486
4487
4487
4487
4487
4488
4490
4492
4493
4493
4493
4494
4494
4495
4498
4499
4500
4500
4500
4501
4502
4503
4503
4503
4504
4506
4506
4506
4507
4508
4509
4509
4511
4512
4513
4513
4516
4516
4519
4520
4523
4524
4525
4526
4527
4528
4532
4532
4532
4533
4536
4539
4539
4539
4540
4543
4544
4544
4544
4545
4546
4546
4546
4548
4550
4551
4551
4552
4553
4556
4556
4556
4556
4556
4557
4558
4558
4559
4559
4560
4561
4561
4562
4564
4565
4566
4567
4567
4567
4571
4573
4573
4574
4575
4577
4579
4583
4585
4586
4587
4588
4590
4591
4591
4592
4593
4593
4595
4595
4598
4598
4598
4599
4600
4602
4604
4605
4606
4607
4607
4608
4609
4609
4610
4611
4611
4612
4613
4616
4618
4619
4620
4620
4622
4623
4626
4627
4628
4629
4629
4631
4632
4637
4638
4638
4638
4640
4641
4641
4643
4643
4645
4647
4647
4648
4649
4652
4652
4654
4658
4658
4660
4660
4661
4661
4661
4661
4661
4662
4663
4665
4666
4667
4668
4670
4670
4672
4672
4672
4674
4676
4678
4679
4679
4681
4682
4683
4683
4684
4684
4687
4687
4688
4688
4690
4690
4691
4691
4692
4693
4697
4698
4699
4700
4701
4704
4707
4708
4709
4709
4712
4712
4713
4714
4716
4717
4720
4722
4723
4726
4726
4727
4728
4729
4730
4731
4732
4733
4735
4735
4736
4737
4738
4740
4741
4741
4741
4741
4742
4742
4743
4743
4744
4744
4746
4746
4746
4747
4748
4748
4749
4749
4750
4750
4751
4751
4752
4753
4753
4756
4759
4760
4761
4762
4763
4765
4765
4765
4766
4766
4768
4772
4772
4773
4775
4778
4778
4780
4780
4781
4782
4783
4784
4784
4785
4787
4789
4789
4789
4790
4793
4793
4794
4798
4801
4802
4802
4803
4803
4805
4810
4811
4811
4811
4813
4816
4816
4816
4817
4819
4821
4821
4824
4826
4827
4830
4831
4831
4831
4833
4835
4836
4837
4838
4839
4839
4841
4841
4843
4844
4845
4845
4846
4846
4847
4849
4849
4849
4851
4851
4853
4853
4854
4854
4855
4855
4855
4856
4857
4857
4857
4860
4861
4861
4861
4862
4863
4864
4865
4866
4866
4867
4868
4870
4870
4871
4871
4872
4873
4874
4874
4874
4876
4877
4878
4879
4880
4884
4886
4886
4889
4892
4893
4893
4894
4895
4896
4896
4897
4901
4901
4901
4902
4902
4902
4902
4904
4904
4904
4905
4906
4907
4909
4909
4911
4912
4912
4912
4913
4915
4915
4916
4917
4918
4921
4921
4923
4924
4926
4930
4930
4932
4933
4933
4933
4934
4939
4940
4940
4942
4942
4943
4943
4944
4946
4949
4950
4951
4954
4957
4960
4961
4962
4963
4966
4969
4969
4970
4970
4971
4972
4972
4972
4973
4973
4974
4974
4975
4975
4976
4977
4977
4980
4983
4983
4984
4985
4986
4986
4988
4988
4989
4989
4989
4990
4991
4992
4993
4993
4994
4995
4995
4995
4995
4996
4996
4997
4997
4997
4999
5000
5001
5001
5001
5002
5003
5003
5003
5003
5006
5006
5006
5007
5008
5008
5009
5009
5010
5011
5011
5014
5015
5015
5017
5019
5021
5021
5022
5022
5024
5025
5025
5026
5026
5031
5032
5032
5033
5034
5036
5036
5037
5038
5038
5041
5041
5041
5042
5043
5044
5045
5047
5048
5048
5048
5049
5049
5050
5051
5051
5053
5054
5056
5059
5061
5061
5063
5064
5064
5065
5067
5068
5069
5069
5070
5070
5071
5071
5072
5072
5074
5077
5077
5077
5078
5078
5078
5081
5082
5082
5082
5085
5086
5087
5088
5088
5088
5088
5089
5091
5092
5093
5093
5097
5097
5098
5100
5101
5101
5105
5107
5107
5109
5110
5111
5113
5114
5114
5115
5115
5115
5116
5117
5117
5118
5118
5119
5121
5123
5124
5124
5130
5131
5133
5133
5134
5134
5134
5135
5135
5136
5137
5137
5140
5140
5141
5144
5145
5145
5146
5147
5147
5149
5150
5150
5150
5150
5151
5151
5153
5156
5156
5156
5157
5158
5158
5158
5160
5160
5163
5164
5165
5166
5166
5170
5171
5171
5174
5174
5176
5178
5179
5180
5180
5182
5183
5184
5185
5185
5187
5189
5191
5191
5191
5191
5191
5191
5193
5193
5193
5194
5194
5194
5195
5195
5196
5198
5202
5204
5206
5206
5207
5209
5210
5210
5211
5213
5214
5215
5216
5216
5217
5219
5220
5221
5226
5227
5229
5229
5230
5231
5232
5234
5235
5237
5238
5238
5240
5241
5242
5242
5243
5244
5244
5245
5247
5247
5248
5248
5249
5249
5250
5250
5250
5251
5251
5252
5253
5254
5254
5256
5256
5257
5257
5257
5258
5260
5261
5263
5264
5264
5266
5266
5266
5268
5268
5269
5269
5271
5272
5273
5274
5274
5274
5275
5276
5277
5279
5280
5281
5281
5282
5285
5285
5285
5286
5286
5288
5292
5292
5293
5295
5295
5295
5295
5296
5297
5298
5298
5298
5299
5301
5301
5304
5305
5306
5308
5309
5311
5311
5314
5314
5315
5317
5317
5321
5323
5323
5324
5324
5324
5326
5328
5331
5332
5332
5333
5333
5334
5334
5335
5336
5340
5340
5340
5343
5343
5345
5346
5346
5348
5349
5349
5354
5355
5357
5357
5359
5359
5361
5361
5362
5362
5364
5366
5368
5369
5369
5371
5372
5373
5373
5374
5374
5375
5376
5376
5377
5378
5379
5379
5379
5380
5382
5382
5382
5383
5385
5385
5386
5388
5388
5390
5390
5391
5393
5394
5394
5395
5395
5398
5399
5399
5399
5399
5401
5403
5405
5405
5406
5406
5407
5410
5410
5411
5412
5412
5412
5412
5414
5414
5415
5415
5416
5417
5419
5423
5426
5427
5427
5428
5430
5432
5432
5433
5435
5435
5436
5436
5437
5437
5437
5438
5439
5439
5440
5440
5441
5442
5442
5442
5443
5444
5444
5447
5447
5451
5452
5453
5453
5454
5455
5457
5459
5459
5459
5459
5461
5461
5463
5464
5464
5464
5466
5469
5471
5472
5473
5473
5473
5474
5474
5474
5474
5475
5475
5476
5477
5477
5477
5477
5479
5480
5481
5481
5483
5485
5486
5489
5489
5489
5489
5490
5492
5492
5492
5493
5494
5495
5496
5497
5499
5499
5500
5501
5502
5502
5503
5503
5503
5504
5505
5505
5505
5506
5507
5508
5508
5508
5509
5509
5509
5509
5511
5511
5512
5512
5512
5513
5513
5514
5516
5520
5520
5522
5522
5522
5522
5524
5527
5528
5534
5534
5534
5539
5540
5540
5541
5541
5541
5542
5544
5545
5548
5548
5548
5549
5550
5551
5551
5553
5554
5554
5554
5555
5556
5556
5557
5557
5557
5558
5559
5559
5561
5561
5563
5563
5563
5563
5568
5568
5569
5569
5570
5571
5571
5572
5574
5574
5575
5575
5576
5578
5580
5581
5586
5586
5587
5589
5589
5590
5591
5591
5592
5593
5593
5594
5594
5594
5595
5595
5597
5598
5598
5599
5601
5602
5602
5603
5603
5604
5605
5607
5609
5610
5611
5612
5612
5613
5614
5615
5615
5616
5617
5618
5619
5619
5620
5620
5621
5621
5622
5625
5626
5626
5628
5628
5628
5630
5631
5632
5632
5632
5634
5636
5636
5636
5636
5636
5637
5637
5639
5641
5643
5644
5645
5646
5646
5646
5647
5649
5649
5650
5650
5650
5651
5651
5652
5653
5654
5655
5656
5657
5657
5658
5658
5660
5661
5661
5661
5662
5663
5665
5665
5667
5669
5670
5671
5672
5673
5674
5677
5678
5678
5680
5680
5681
5683
5683
5684
5692
5694
5695
5696
5697
5698
5701
5703
5706
5708
5709
5711
5711
5711
5713
5713
5715
5719
5721
5721
5722
5724
5725
5727
5731
5733
5734
5736
5738
5738
5739
5740
5740
5742
5743
5746
5746
5746
5748
5749
5751
5753
5754
5756
5757
5757
5758
5759
5759
5759
5761
5763
5765
5765
5765
5767
5768
5769
5769
5770
5770
5772
5772
5773
5777
5778
5778
5783
5784
5784
5786
5788
5791
5791
5791
5793
5794
5794
5796
5796
5797
5797
5799
5800
5801
5802
5802
5802
5803
5805
5806
5807
5807
5807
5809
5813
5815
5815
5816
5817
5817
5818
5818
5824
5825
5825
5825
5829
5829
5830
5832
5833
5835
5837
5840
5842
5844
5844
5845
5846
5847
5849
5851
5852
5852
5854
5854
5855
5856
5858
5859
5859
5859
5860
5861
5863
5863
5863
5865
5867
5868
5869
5872
5872
5872
5872
5872
5873
5874
5874
5874
5875
5875
5876
5876
5876
5876
5876
5878
5878
5879
5880
5880
5884
5884
5884
5884
5885
5885
5886
5887
5888
5888
5889
5890
5891
5892
5895
5895
5900
5901
5902
5902
5904
5906
5907
5908
5908
5908
5909
5910
5910
5912
5913
5913
5919
5919
5919
5920
5920
5921
5924
5925
5925
5927
5927
5928
5930
5930
5930
5931
5931
5932
5933
5935
5937
5937
5937
5938
5940
5941
5943
5943
5945
5945
5946
5949
5949
5949
5950
5951
5952
5952
5953
5953
5955
5957
5958
5958
5958
5959
5959
5963
5964
5964
5965
5966
5968
5970
5970
5973
5976
5976
5977
5978
5978
5978
5979
5980
5981
5981
5983
5984
5986
5987
5987
5988
5989
5989
5989
5990
5991
5991
5992
5992
5992
5993
5994
5994
5994
5998
5999
6000
6000
6001
6002
6003
6005
6007
6011
6012
6012
6014
6015
6017
6018
6018
6021
6022
6022
6024
6024
6025
6026
6026
6027
6029
6029
6029
6030
6031
6032
6033
6034
6034
6035
6035
6035
6035
6036
6036
6039
6040
6040
6040
6040
6041
6042
6043
6043
6044
6044
6046
6047
6048
6050
6050
6050
6051
6051
6052
6053
6055
6056
6056
6057
6059
6059
6059
6060
6062
6064
6066
6068
6069
6069
6069
6070
6071
6073
6074
6074
6075
6076
6076
6077
6078
6079
6083
6083
6083
6084
6085
6085
6085
6085
6086
6086
6086
6087
6090
6091
6091
6094
6095
6096
6096
6096
6097
6097
6098
6103
6103
6103
6104
6106
6111
6112
6112
6112
6114
6114
6114
6116
6116
6118
6119
6119
6119
6119
6120
6121
6121
6121
6122
6122
6122
6123
6123
6125
6125
6126
6127
6127
6127
6128
6129
6131
6132
6134
6139
6139
6140
6140
6142
6143
6144
6144
6145
6146
6146
6146
6147
6148
6148
6150
6150
6151
6152
6152
6153
6154
6154
6154
6157
6158
6158
6158
6159
6160
6160
6162
6162
6163
6166
6166
6166
6168
6169
6171
6171
6172
6173
6174
6175
6175
6176
6177
6177
6179
6180
6182
6183
6184
6184
6185
6185
6186
6186
6187
6187
6191
6192
6192
6195
6197
6197
6199
6200
6200
6201
6208
6208
6209
6209
6209
6211
6212
6213
6213
6215
6216
6218
6218
6220
6220
6223
6225
6225
6226
6227
6230
6231
6232
6233
6234
6234
6234
6234
6235
6235
6235
6236
6237
6237
6237
6238
6238
6239
6241
6245
6246
6246
6247
6248
6248
6249
6249
6250
6251
6253
6253
6255
6256
6257
6257
6258
6258
6259
6262
6263
6264
6265
6266
6267
6270
6270
6271
6271
6272
6275
6276
6278
6280
6280
6281
6281
6281
6282
6283
6284
6286
6286
6287
6288
6291
6295
6296
6298
6299
6300
6304
6304
6305
6306
6306
6308
6311
6311
6312
6313
6314
6319
6321
6322
6323
6323
6325
6325
6327
6327
6329
6329
6329
6330
6330
6331
6333
6334
6334
6335
6337
6338
6338
6338
6339
6339
6340
6341
6341
6341
6343
6344
6345
6345
6345
6345
6346
6346
6347
6350
6350
6350
6350
6351
6352
6353
6353
6356
6359
6360
6360
6364
6367
6367
6370
6370
6370
6371
6373
6375
6377
6378
6378
6378
6379
6381
6382
6383
6383
6386
6386
6387
6389
6389
6390
6390
6391
6391
6394
6394
6396
6397
6397
6397
6397
6400
6402
6403
6403
6404
6405
6405
6406
6406
6407
6408
6409
6410
6411
6412
6412
6412
6413
6413
6413
6414
6420
6421
6421
6421
6422
6423
6424
6427
6427
6428
6428
6429
6429
6431
6431
6432
6435
6436
6436
6437
6439
6439
6440
6440
6440
6441
6441
6442
6443
6444
6446
6448
6448
6448
6448
6449
6450
6450
6451
6452
6452
6454
6454
6454
6455
6456
6456
6459
6460
6460
6464
6465
6465
6465
6467
6468
6469
6469
6470
6470
6472
6472
6474
6475
6476
6477
6477
6480
6481
6481
6482
6483
6484
6484
6484
6486
6486
6487
6488
6489
6491
6492
6492
6493
6493
6494
6494
6495
6496
6496
6497
6498
6500
6502
6503
6507
6507
6508
6508
6509
6509
6510
6512
6514
6515
6516
6517
6517
6519
6521
6522
6523
6524
6525
6527
6529
6532
6532
6532
6533
6534
6534
6535
6535
6538
6539
6540
6543
6546
6551
6553
6553
6555
6555
6556
6557
6557
6558
6559
6559
6562
6562
6567
6571
6573
6576
6576
6577
6577
6578
6578
6580
6580
6582
6582
6584
6585
6585
6585
6585
6586
6587
6587
6588
6591
6593
6593
6595
6595
6596
6596
6597
6597
6599
6599
6600
6600
6601
6602
6603
6604
6604
6605
6606
6608
6610
6610
6610
6611
6612
6616
6617
6619
6620
6621
6622
6624
6628
6629
6630
6631
6633
6635
6635
6636
6636
6636
6637
6637
6637
6638
6638
6639
6640
6641
6642
6644
6645
6645
6646
6649
6650
6651
6652
6652
6652
6653
6655
6655
6655
6658
6661
6663
6665
6665
6665
6666
6666
6668
6670
6670
6670
6671
6672
6673
6673
6674
6675
6677
6680
6680
6682
6682
6683
6683
6683
6683
6684
6685
6685
6686
6686
6688
6688
6689
6691
6691
6692
6692
6693
6694
6695
6695
6696
6696
6696
6697
6697
6700
6701
6702
6702
6702
6702
6703
6705
6706
6706
6707
6708
6709
6709
6711
6711
6714
6714
6715
6715
6715
6716
6716
6718
6718
6719
6719
6721
6721
6721
6722
6723
6723
6726
6726
6726
6726
6727
6728
6728
6729
6729
6731
6731
6731
6732
6732
6735
6735
6735
6735
6737
6738
6740
6740
6741
6742
6742
6742
6746
6747
6747
6749
6749
6749
6751
6752
6754
6755
6756
6757
6758
6760
6762
6762
6762
6763
6765
6765
6766
6767
6768
6768
6770
6772
6772
6773
6773
6774
6775
6779
6780
6784
6784
6784
6786
6787
6790
6790
6791
6794
6794
6794
6795
6795
6796
6796
6799
6800
6800
6805
6805
6806
6806
6807
6807
6807
6808
6808
6809
6809
6809
6809
6810
6810
6811
6812
6812
6814
6816
6817
6818
6819
6820
6821
6822
6822
6825
6826
6826
6826
6828
6828
6829
6829
6831
6831
6833
6833
6834
6834
6837
6837
6837
6838
6838
6842
6843
6844
6847
6847
6848
6849
6849
6850
6851
6852
6853
6854
6854
6854
6855
6856
6856
6857
6857
6857
6858
6859
6859
6860
6860
6861
6861
6864
6865
6866
6869
6869
6869
6871
6873
6875
6876
6877
6879
6879
6879
6880
6884
6884
6884
6884
6885
6888
6888
6889
6890
6890
6891
6891
6895
6896
6897
6897
6898
6900
6900
6901
6902
6902
6903
6903
6906
6907
6908
6908
6910
6912
6913
6913
6914
6916
6917
6918
6918
6919
6919
6919
6919
6920
6920
6924
6924
6925
6926
6928
6929
6930
6930
6930
6930
6931
6931
6932
6932
6933
6934
6935
6935
6938
6942
6943
6945
6945
6946
6948
6948
6948
6949
6951
6952
6953
6954
6954
6957
6957
6958
6958
6958
6959
6959
6961
6962
6963
6963
6963
6964
6965
6965
6966
6967
6969
6970
6970
6970
6972
6973
6974
6975
6976
6976
6977
6979
6980
6980
6981
6981
6983
6983
6988
6988
6989
6992
6993
6993
6994
6996
6996
6997
6998
6998
6998
6999
7000
7001
7002
7002
7002
7004
7005
7007
7008
7008
7009
7010
7010
7012
7012
7014
7015
7016
7018
7019
7019
7020
7020
7020
7022
7023
7023
7024
7025
7026
7031
7031
7031
7033
7033
7034
7037
7041
7041
7041
7041
7042
7044
7045
7046
7048
7049
7050
7050
7051
7052
7056
7056
7056
7056
7056
7056
7056
7059
7062
7063
7064
7066
7067
7069
7069
7074
7075
7077
7077
7078
7080
7080
7080
7081
7081
7082
7083
7084
7085
7085
7087
7088
7089
7090
7091
7093
7093
7094
7095
7095
7096
7098
7098
7099
7099
7101
7104
7104
7104
7105
7106
7106
7107
7107
7108
7108
7108
7108
7109
7110
7110
7110
7112
7112
7112
7116
7117
7117
7118
7118
7120
7120
7120
7121
7121
7122
7122
7123
7124
7124
7124
7125
7128
7132
7135
7137
7137
7138
7139
7139
7140
7140
7146
7148
7149
7149
7149
7150
7150
7151
7152
7152
7152
7152
7154
7155
7155
7157
7157
7158
7158
7158
7159
7160
7161
7161
7164
7164
7165
7166
7166
7167
7168
7168
7168
7169
7169
7173
7174
7174
7174
7174
7175
7178
7178
7180
7183
7183
7184
7184
7184
7186
7188
7188
7189
7189
7189
7190
7196
7199
7199
7206
7206
7206
7206
7207
7207
7207
7208
7209
7215
7216
7216
7217
7217
7218
7218
7220
7220
7222
7225
7226
7228
7228
7228
7229
7231
7231
7231
7231
7231
7233
7236
7237
7238
7242
7243
7248
7248
7250
7251
7251
7252
7256
7256
7257
7258
7258
7259
7262
7262
7264
7264
7265
7268
7268
7268
7269
7270
7272
7273
7274
7274
7274
7275
7276
7276
7277
7279
7279
7280
7282
7285
7286
7287
7287
7288
7288
7288
7290
7290
7291
7292
7292
7294
7297
7299
7299
7299
7299
7300
7301
7304
7304
7308
7310
7310
7311
7312
7313
7314
7315
7315
7316
7317
7317
7317
7317
7318
7319
7320
7320
7321
7323
7323
7324
7324
7325
7325
7327
7327
7327
7330
7330
7331
7331
7334
7334
7336
7338
7339
7339
7340
7340
7341
7341
7342
7342
7344
7344
7345
7345
7345
7346
7346
7346
7348
7348
7352
7354
7354
7355
7355
7355
7356
7356
7356
7358
7359
7360
7361
7361
7363
7363
7363
7364
7367
7368
7369
7370
7370
7373
7373
7373
7375
7377
7379
7380
7381
7382
7382
7382
7383
7383
7384
7386
7389
7390
7390
7392
7392
7394
7394
7394
7397
7398
7398
7400
7400
7401
7402
7403
7404
7405
7407
7409
7411
7412
7414
7416
7417
7421
7421
7421
7423
7424
7424
7425
7426
7426
7427
7431
7434
7434
7434
7434
7435
7436
7437
7437
7438
7440
7441
7442
7442
7443
7444
7444
7445
7446
7446
7446
7448
7449
7449
7449
7452
7452
7455
7455
7460
7460
7461
7462
7463
7463
7464
7468
7469
7469
7471
7475
7478
7479
7480
7481
7483
7483
7484
7484
7484
7486
7488
7489
7490
7493
7493
7495
7495
7497
7498
7498
7499
7499
7500
7500
7501
7501
7502
7504
7505
7506
7507
7508
7509
7510
7511
7511
7512
7513
7515
7515
7516
7516
7517
7518
7519
7519
7521
7521
7521
7521
7522
7524
7525
7525
7527
7527
7528
7528
7530
7530
7532
7533
7533
7534
7534
7535
7535
7535
7535
7535
7535
7536
7536
7538
7540
7541
7541
7542
7542
7543
7543
7543
7544
7544
7544
7544
7545
7547
7548
7549
7551
7551
7551
7555
7557
7557
7558
7558
7558
7563
7565
7567
7569
7570
7571
7572
7573
7573
7574
7574
7577
7579
7581
7582
7583
7583
7584
7584
7584
7584
7586
7586
7586
7586
7587
7587
7588
7588
7589
7590
7590
7595
7595
7596
7596
7597
7598
7599
7599
7600
7601
7603
7604
7604
7605
7607
7607
7610
7610
7610
7612
7612
7615
7617
7617
7619
7619
7619
7619
7620
7621
7623
7624
7624
7625
7626
7627
7629
7629
7633
7634
7634
7635
7635
7635
7635
7636
7636
7637
7637
7637
7639
7639
7640
7641
7642
7642
7643
7643
7644
7646
7646
7647
7647
7648
7648
7649
7649
7649
7651
7652
7653
7653
7653
7654
7655
7655
7656
7656
7657
7659
7660
7662
7662
7663
7663
7664
7664
7665
7665
7666
7668
7668
7669
7669
7670
7670
7671
7675
7675
7676
7676
7677
7677
7680
7682
7682
7683
7684
7684
7685
7685
7686
7687
7688
7689
7689
7689
7690
7693
7694
7696
7697
7698
7698
7699
7701
7701
7702
7704
7705
7705
7706
7707
7709
7709
7709
7709
7710
7712
7713
7715
7716
7717
7719
7719
7719
7719
7720
7723
7724
7726
7727
7727
7727
7730
7731
7734
7734
7735
7736
7736
7737
7738
7738
7739
7744
7745
7747
7747
7747
7749
7750
7750
7752
7752
7755
7757
7758
7762
7762
7762
7764
7764
7765
7767
7767
7769
7770
7773
7773
7774
7775
7775
7776
7776
7777
7777
7779
7782
7783
7783
7783
7783
7784
7784
7784
7785
7787
7788
7788
7788
7788
7789
7790
7790
7791
7792
7792
7792
7795
7797
7798
7798
7799
7800
7801
7801
7802
7802
7804
7804
7806
7807
7807
7809
7810
7810
7811
7811
7812
7812
7813
7813
7814
7815
7815
7816
7817
7818
7818
7820
7820
7820
7822
7822
7823
7824
7827
7828
7828
7832
7834
7836
7837
7837
7837
7838
7839
7839
7840
7840
7841
7842
7843
7844
7846
7846
7847
7849
7849
7849
7850
7851
7851
7853
7853
7854
7858
7858
7863
7866
7866
7868
7868
7869
7871
7871
7873
7875
7875
7877
7878
7880
7880
7881
7882
7882
7883
7884
7886
7886
7887
7887
7889
7889
7889
7890
7890
7890
7892
7892
7894
7894
7896
7897
7897
7899
7900
7901
7902
7902
7905
7905
7905
7907
7907
7908
7909
7909
7910
7910
7910
7910
7910
7913
7913
7916
7917
7918
7919
7923
7923
7924
7926
7926
7928
7928
7929
7933
7934
7935
7938
7939
7940
7944
7945
7945
7948
7948
7949
7950
7951
7951
7954
7955
7956
7956
7957
7957
7958
7959
7961
7963
7964
7964
7965
7966
7966
7966
7966
7969
7970
7970
7971
7972
7972
7973
7973
7973
7974
7974
7975
7975
7976
7976
7978
7978
7980
7981
7985
7987
7987
7990
7990
7990
7991
7994
7994
7996
7997
7998
7999
7999
8000
8001
8003
8007
8007
8008
8009
8009
8009
8011
8011
8012
8012
8012
8014
8014
8014
8015
8016
8018
8019
8021
8023
8023
8023
8024
8024
8024
8024
8024
8028
8030
8031
8031
8032
8032
8032
8035
8036
8036
8037
8037
8037
8039
8039
8039
8039
8040
8041
8042
8044
8045
8046
8049
8050
8050
8051
8053
8054
8054
8057
8059
8059
8061
8061
8061
8061
8062
8066
8066
8066
8066
8066
8067
8068
8069
8071
8075
8075
8076
8076
8076
8077
8077
8078
8079
8079
8079
8082
8082
8082
8083
8084
8084
8088
8088
8088
8088
8089
8091
8092
8092
8092
8095
8097
8097
8097
8098
8099
8099
8100
8100
8101
8105
8106
8106
8106
8108
8109
8109
8110
8111
8112
8113
8115
8116
8117
8117
8117
8122
8122
8123
8125
8126
8128
8130
8130
8133
8134
8135
8137
8142
8142
8144
8145
8147
8149
8149
8149
8151
8151
8152
8152
8153
8153
8154
8154
8155
8158
8158
8158
8160
8161
8163
8164
8164
8165
8166
8166
8167
8168
8169
8170
8170
8172
8178
8179
8180
8180
8181
8181
8183
8183
8184
8184
8185
8185
8186
8187
8187
8187
8190
8190
8190
8190
8190
8194
8195
8196
8198
8198
8201
8202
8203
8203
8205
8206
8206
8207
8207
8207
8208
8214
8215
8216
8218
8219
8219
8219
8222
8223
8225
8225
8227
8227
8230
8232
8232
8232
8233
8234
8236
8237
8238
8239
8240
8240
8245
8247
8248
8250
8250
8253
8254
8256
8256
8257
8257
8259
8259
8259
8262
8263
8264
8265
8266
8268
8269
8270
8270
8273
8274
8275
8276
8277
8277
8277
8278
8279
8279
8282
8282
8282
8283
8285
8287
8287
8287
8288
8291
8292
8293
8294
8294
8295
8296
8296
8297
8297
8298
8300
8302
8302
8302
8303
8307
8310
8311
8313
8315
8315
8316
8316
8318
8320
8320
8321
8321
8322
8322
8323
8326
8326
8329
8330
8331
8333
8335
8337
8338
8340
8341
8343
8344
8344
8345
8347
8347
8351
8351
8354
8355
8356
8356
8356
8357
8357
8358
8361
8362
8363
8363
8364
8365
8367
8367
8372
8375
8376
8376
8377
8378
8378
8383
8384
8385
8387
8387
8388
8389
8389
8389
8390
8392
8392
8393
8395
8396
8396
8397
8397
8399
8399
8400
8401
8401
8402
8402
8403
8403
8403
8404
8405
8405
8405
8405
8408
8409
8409
8410
8410
8411
8411
8412
8412
8414
8414
8414
8415
8415
8417
8418
8420
8420
8421
8421
8422
8423
8423
8424
8424
8426
8428
8429
8430
8432
8433
8437
8440
8440
8441
8442
8442
8444
8446
8446
8447
8447
8449
8450
8450
8451
8453
8453
8454
8454
8455
8458
8459
8459
8461
8461
8463
8464
8464
8464
8466
8467
8467
8468
8471
8472
8473
8474
8474
8476
8477
8478
8478
8478
8479
8480
8480
8481
8481
8481
8481
8483
8485
8486
8487
8488
8488
8489
8490
8491
8492
8493
8493
8494
8495
8495
8496
8497
8497
8498
8498
8500
8500
8502
8503
8503
8504
8504
8505
8507
8507
8508
8508
8510
8512
8517
8518
8521
8522
8523
8524
8524
8524
8524
8526
8528
8530
8530
8531
8532
8532
8532
8536
8537
8537
8537
8538
8539
8539
8540
8541
8541
8543
8546
8546
8546
8546
8552
8553
8553
8554
8558
8558
8559
8559
8562
8566
8566
8569
8569
8573
8574
8574
8575
8576
8577
8578
8580
8581
8584
8584
8587
8590
8590
8590
8590
8591
8594
8597
8597
8597
8598
8599
8600
8600
8602
8603
8603
8603
8605
8605
8606
8608
8609
8609
8611
8611
8613
8613
8613
8614
8614
8618
8619
8620
8621
8622
8623
8623
8623
8624
8624
8627
8627
8629
8629
8630
8631
8631
8632
8632
8633
8634
8636
8636
8637
8637
8638
8639
8640
8640
8640
8640
8642
8642
8642
8644
8644
8648
8649
8649
8650
8650
8651
8651
8651
8651
8651
8651
8652
8653
8654
8655
8655
8655
8656
8659
8660
8660
8661
8661
8661
8661
8664
8665
8665
8665
8667
8669
8670
8671
8674
8674
8674
8675
8676
8680
8681
8681
8681
8683
8684
8684
8688
8688
8691
8691
8692
8693
8693
8695
8695
8698
8699
8702
8703
8703
8704
8705
8705
8706
8709
8710
8710
8710
8711
8711
8712
8712
8712
8714
8715
8715
8716
8716
8716
8717
8717
8718
8718
8721
8722
8722
8722
8723
8724
8726
8729
8731
8732
8732
8733
8734
8734
8735
8737
8740
8745
8747
8749
8750
8750
8750
8751
8753
8753
8753
8754
8755
8755
8756
8757
8761
8762
8762
8762
8762
8762
8763
8764
8765
8765
8767
8768
8769
8770
8771
8773
8774
8774
8774
8774
8775
8776
8777
8777
8779
8779
8780
8780
8780
8781
8784
8786
8787
8789
8790
8791
8791
8792
8795
8796
8797
8799
8802
8802
8805
8805
8807
8808
8808
8809
8811
8811
8811
8813
8816
8816
8817
8817
8818
8819
8824
8825
8825
8825
8825
8826
8827
8828
8828
8828
8829
8829
8830
8830
8831
8831
8831
8831
8832
8833
8834
8835
8836
8837
8838
8839
8839
8844
8845
8847
8852
8853
8856
8857
8858
8858
8859
8861
8861
8862
8865
8865
8865
8867
8867
8867
8870
8873
8874
8874
8875
8882
8882
8884
8886
8888
8890
8890
8890
8891
8892
8893
8895
8896
8897
8898
8898
8900
8903
8905
8906
8906
8909
8909
8910
8911
8914
8914
8918
8918
8919
8920
8920
8921
8922
8922
8922
8924
8925
8928
8928
8931
8932
8934
8934
8934
8935
8935
8936
8936
8937
8938
8939
8940
8940
8943
8944
8944
8948
8951
8951
8952
8953
8953
8956
8957
8959
8959
8960
8963
8963
8965
8966
8967
8967
8969
8971
8971
8972
8975
8975
8975
8979
8979
8980
8981
8984
8985
8985
8985
8986
8986
8986
8987
8987
8991
8994
8994
8996
8997
8998
8998
8999
9000
9001
9002
9003
9003
9003
9005
9006
9007
9008
9009
9011
9011
9012
9013
9014
9015
9016
9017
9019
9019
9020
9020
9023
9026
9026
9027
9028
9028
9029
9029
9029
9030
9032
9034
9035
9035
9035
9036
9037
9037
9038
9039
9043
9046
9046
9049
9053
9054
9055
9055
9058
9060
9062
9065
9068
9070
9070
9072
9074
9078
9078
9079
9079
9079
9081
9082
9082
9082
9082
9083
9084
9084
9085
9087
9087
9087
9088
9089
9090
9093
9094
9095
9096
9096
9096
9098
9098
9101
9104
9105
9106
9106
9107
9107
9107
9109
9109
9110
9110
9111
9113
9113
9117
9117
9120
9120
9123
9123
9125
9126
9126
9126
9126
9127
9127
9128
9128
9129
9130
9131
9131
9132
9132
9134
9136
9137
9137
9138
9138
9139
9140
9141
9141
9143
9145
9147
9149
9150
9150
9150
9150
9151
9152
9153
9153
9154
9155
9155
9155
9156
9157
9158
9158
9159
9159
9160
9162
9165
9166
9166
9167
9167
9168
9168
9168
9169
9169
9170
9170
9172
9173
9173
9173
9174
9175
9176
9179
9180
9182
9182
9182
9183
9183
9184
9184
9186
9187
9190
9191
9191
9191
9193
9193
9193
9194
9195
9195
9199
9200
9201
9201
9201
9201
9201
9202
9204
9204
9204
9204
9204
9205
9205
9206
9206
9207
9208
9208
9210
9210
9211
9211
9215
9218
9219
9220
9221
9221
9226
9227
9227
9229
9230
9231
9233
9233
9233
9234
9234
9235
9236
9238
9238
9239
9239
9240
9243
9244
9244
9245
9247
9250
9250
9251
9251
9253
9255
9256
9256
9257
9259
9260
9260
9261
9262
9262
9264
9264
9265
9267
9270
9271
9271
9272
9272
9273
9274
9275
9276
9276
9277
9278
9278
9279
9279
9279
9279
9280
9281
9283
9283
9284
9285
9285
9287
9289
9289
9289
9294
9294
9294
9295
9297
9297
9298
9300
9300
9301
9302
9302
9303
9303
9304
9306
9310
9310
9310
9310
9311
9311
9312
9314
9315
9316
9316
9317
9318
9319
9321
9325
9325
9326
9327
9328
9331
9331
9332
9332
9332
9332
9332
9332
9335
9335
9336
9336
9337
9337
9338
9339
9341
9341
9342
9343
9343
9344
9344
9346
9346
9346
9346
9350
9353
9353
9354
9354
9354
9356
9356
9357
9358
9358
9359
9363
9364
9364
9365
9365
9366
9369
9370
9371
9371
9371
9374
9374
9374
9376
9377
9378
9379
9379
9380
9382
9382
9384
9385
9387
9388
9388
9391
9393
9393
9393
9394
9394
9394
9395
9396
9398
9399
9400
9401
9402
9402
9402
9407
9408
9408
9410
9411
9412
9412
9414
9415
9416
9419
9419
9422
9423
9425
9426
9426
9427
9429
9430
9431
9432
9434
9437
9437
9437
9438
9439
9441
9442
9443
9444
9446
9446
9449
9449
9450
9450
9450
9450
9450
9453
9454
9454
9455
9456
9456
9458
9459
9461
9463
9463
9463
9467
9467
9467
9468
9469
9470
9470
9470
9471
9471
9471
9472
9472
9473
9475
9476
9476
9476
9477
9478
9479
9480
9481
9483
9484
9485
9487
9488
9489
9489
9490
9490
9490
9491
9493
9493
9495
9495
9496
9497
9498
9498
9499
9500
9502
9503
9503
9503
9504
9504
9505
9505
9505
9506
9506
9506
9509
9510
9512
9512
9513
9513
9515
9515
9515
9516
9516
9517
9518
9518
9520
9521
9522
9522
9522
9526
9526
9527
9528
9529
9529
9531
9533
9533
9533
9534
9534
9534
9535
9536
9538
9539
9539
9542
9542
9544
9545
9545
9546
9546
9547
9547
9547
9547
9548
9551
9552
9552
9556
9556
9557
9559
9561
9563
9564
9567
9568
9568
9568
9569
9570
9571
9573
9573
9574
9575
9576
9577
9577
9577
9577
9578
9578
9578
9583
9585
9587
9590
9590
9591
9591
9592
9593
9594
9595
9596
9598
9598
9598
9598
9600
9602
9603
9605
9605
9606
9606
9606
9607
9608
9610
9611
9612
9613
9613
9614
9615
9615
9617
9620
9620
9620
9621
9622
9623
9625
9627
9627
9628
9628
9628
9629
9630
9633
9633
9634
9634
9635
9635
9636
9636
9637
9639
9639
9641
9642
9643
9644
9646
9646
9646
9648
9648
9649
9649
9649
9650
9651
9652
9653
9654
9654
9656
9658
9659
9660
9662
9663
9663
9663
9664
9664
9664
9664
9665
9666
9667
9667
9671
9672
9675
9676
9679
9680
9682
9682
9684
9685
9685
9686
9687
9687
9687
9689
9690
9690
9691
9696
9697
9699
9699
9701
9701
9703
9703
9704
9704
9704
9704
9705
9705
9707
9709
9709
9710
9710
9711
9712
9712
9716
9717
9717
9718
9718
9718
9719
9719
9720
9720
9722
9727
9727
9727
9729
9730
9730
9731
9732
9732
9734
9735
9736
9738
9739
9739
9740
9742
9743
9743
9744
9744
9746
9747
9748
9749
9750
9750
9750
9750
9751
9751
9752
9752
9754
9754
9754
9755
9756
9757
9759
9759
9762
9765
9766
9767
9767
9771
9773
9773
9774
9774
9775
9776
9778
9779
9781
9782
9782
9783
9783
9783
9785
9785
9785
9785
9786
9786
9788
9789
9790
9790
9791
9792
9792
9794
9797
9797
9798
9798
9800
9800
9800
9802
9809
9810
9812
9812
9812
9813
9814
9815
9817
9818
9819
9821
9823
9824
9824
9825
9826
9828
9829
9830
9833
9833
9833
9835
9838
9838
9838
9839
9839
9840
9843
9843
9845
9845
9845
9846
9848
9848
9849
9850
9850
9851
9852
9857
9857
9858
9860
9861
9863
9868
9868
9868
9869
9870
9870
9870
9873
9875
9875
9876
9877
9877
9877
9878
9878
9878
9879
9879
9880
9881
9882
9882
9883
9885
9885
9885
9886
9886
9888
9888
9888
9888
9889
9891
9894
9895
9896
9898
9898
9898
9898
9899
9902
9902
9903
9903
9906
9906
9907
9907
9908
9909
9909
9911
9914
9914
9914
9915
9915
9915
9916
9916
9916
9917
9917
9917
9918
9918
9920
9922
9923
9924
9925
9925
9926
9926
9929
9931
9931
9934
9934
9935
9936
9937
9937
9939
9940
9941
9943
9943
9944
9945
9947
9947
9947
9950
9950
9952
9953
9953
9954
9954
9955
9955
9957
9958
9959
9959
9960
9960
9960
9961
9962
9962
9962
9963
9964
9965
9968
9969
9970
9970
9970
9973
9973
9974
9976
9977
9978
9980
9981
9981
9982
9982
9983
9983
9983
9984
9985
9986
9986
9988
9989
9990
9990
9993
9993
9993
9994
9995
9999
