4504
8270
3183
5036
9829
4744
7469
8825
4154
337
8130
4055
9627
9800
8202
819
1033
5777
2085
4142
7108
7229
395
2112
4599
5649
8922
970
2357
5049
6557
6916
1357
5349
6235
4
4668
1185
9434
4368
9776
4387
30
9419
4373
7646
2737
7323
3150
3587
6880
4988
1553
1143
2816
8045
9087
5615
9244
8039
5598
6295
7356
8862
5557
5011
2323
7056
1604
8061
2277
2587
8190
7869
1427
3131
5348
9959
1461
6593
9759
125
7106
319
5385
7493
2719
1967
1608
4166
7426
9204
5976
3308
6673
632
1524
3915
2828
6036
1089
6271
8100
5534
9191
3954
9575
4989
4333
615
1817
2072
384
1124
2799
764
5807
477
4459
7020
4038
3946
8000
5427
7398
2890
6913
69
5133
3697
5802
8099
4567
3581
266
2749
3856
6774
7308
9522
8116
1412
4864
9427
8198
3147
1099
2518
8569
6897
8600
9239
1918
1104
3337
3688
5051
9030
6926
3256
9860
6809
2720
5362
6345
3737
9515
5884
5516
3150
7734
5824
4765
3376
8816
7512
5620
4470
9705
6114
1066
9350
1754
9219
2836
4250
6450
6296
476
7636
2574
1943
3838
4248
387
1540
2381
8232
8459
2736
4463
8829
7018
5451
7612
512
7421
6890
3758
649
990
5204
3141
5407
4085
3158
1082
7342
5502
9319
9982
6503
3859
8757
8830
6305
8311
2446
8613
2141
9247
3579
2798
9687
6012
9542
5252
6040
8665
5309
3737
4025
2493
703
4831
6642
6046
4403
9846
2640
3619
6424
803
6933
8835
9206
5657
744
2175
7475
9990
9902
2313
8802
2877
3921
9168
7542
3035
3772
8329
5333
1608
5209
4428
8599
7468
3777
6551
8158
620
2179
3107
1711
2368
2208
433
1342
7890
9410
4544
8248
2564
9757
1951
5193
7790
3534
5001
2431
4084
6576
6562
7846
4464
141
7084
1361
1473
9665
6742
218
1903
266
7682
5377
8137
3260
3714
2209
2941
4962
8014
944
868
9903
2020
821
6391
1538
6412
2147
994
8215
1191
4196
6484
3850
8084
9233
5872
2982
8702
8861
2419
8012
54
7426
7010
7551
7928
3843
8591
6044
8428
2144
2951
5191
6716
2088
7516
209
109
5641
6122
8502
8524
1507
2408
2482
5878
9850
9918
8932
3539
9002
9981
4410
1152
1381
2606
8780
2520
9704
2443
9877
8655
2012
4228
7291
539
455
1584
9520
9279
3347
5249
7361
5477
4743
3777
6507
4855
4913
3598
3374
8890
5861
9456
6762
1079
5231
8467
6166
2535
5124
8710
1519
9595
1927
2750
9053
6965
1207
4103
4050
4551
4997
777
3147
3782
1940
2595
4073
6826
8825
8614
7481
373
7250
8144
3055
3453
6963
9364
5378
5256
5483
8611
4080
1059
1221
6809
5042
9023
3770
3718
4539
2792
1860
3719
698
1747
9838
6816
942
5748
8039
825
5945
7882
3477
6610
29
663
4502
7588
5636
7199
2993
6470
6540
9756
2955
5865
1806
2219
7734
4176
4271
8664
5364
751
6464
3633
921
6910
6128
6249
5070
5050
3826
9467
6002
9754
505
1577
6587
2521
5503
2208
3914
4020
4405
2554
1501
9201
3365
319
3933
6122
9155
7656
3928
9109
546
5763
3561
4241
3971
4444
2403
4047
5191
8302
6413
3210
7334
1910
9127
7189
2153
6383
7082
3792
6097
2384
9166
9798
7258
5230
9605
103
2762
3775
3220
76
404
6477
738
7820
2041
9730
3641
6186
2158
4406
3082
1881
2024
3539
7773
4333
6740
6817
6517
31
2163
3075
3682
6749
8642
7980
3888
475
3176
4111
6637
2330
3353
6467
1048
4643
3608
1823
7381
5553
9369
4983
4749
3784
1748
6339
7858
4053
6773
8920
2640
3156
4816
1286
1214
7480
5889
1918
5636
267
8322
2525
8263
7394
4262
4841
2880
6635
8627
8518
8330
5206
7117
6822
7066
2397
2092
8155
3257
17
9999
5802
3917
1747
3002
2910
7398
9468
3163
2534
4404
9898
6059
7644
5925
7655
9328
1923
5340
7527
2126
1532
205
4750
7069
821
7957
4315
5366
943
4503
1845
2712
3530
6177
6321
503
9279
253
7165
5572
1274
6323
2140
5335
1730
7804
2975
584
6838
8705
1756
4638
2245
5874
7421
3119
6826
8642
3511
9110
7619
288
9701
386
6556
3297
6849
9563
3245
3016
8415
9407
2316
455
118
1163
5616
895
3372
965
4532
804
2477
966
8100
5628
4999
8357
3416
9830
6580
9470
3450
9159
2229
850
2676
2847
8552
5784
2363
1546
9734
4961
8882
3795
3436
777
1821
1139
7603
1033
3123
6439
5118
2890
7150
4591
1552
4
4227
6403
7031
1828
3560
4608
6825
3564
3687
2176
8729
4916
190
8008
4726
782
623
8395
7089
4439
203
4587
6056
9914
3382
8287
6532
4670
8791
2720
7579
5872
8287
1614
9875
7355
4851
9408
8660
1427
4503
2153
6329
8066
89
5477
4067
7802
6888
9970
7001
8361
3423
236
5887
2362
5713
833
3202
8839
1570
8531
2046
7836
8896
2731
8780
1288
5101
5227
3804
333
3642
4988
9850
7990
6209
2470
9568
9496
2015
4974
9976
2273
7788
4713
3996
6509
6696
7535
7884
328
3668
5419
1291
5086
2747
5119
823
4429
1899
6900
2979
5964
8387
8911
7987
8405
8858
6638
5219
1789
7449
9154
9331
1829
8487
4167
9667
9513
1232
9279
711
9941
4097
9821
3944
7080
9346
2364
9335
16
5920
5632
6718
5637
6726
4084
2245
8834
8807
5554
5950
9117
7643
7282
9662
232
6436
4362
7752
6576
9660
5107
7783
4275
4684
2092
8247
3583
2699
6728
9633
2869
1457
2258
4674
9020
5991
4433
9606
593
5998
3958
1622
4700
1832
8018
7164
2815
3286
7973
5038
6119
4255
4241
9759
1461
9130
6397
670
2518
7625
5509
3912
8494
6706
1327
6449
5908
9898
840
2570
327
3648
925
495
1566
6084
886
5441
9084
6162
5500
2699
82
2335
7675
6051
8767
2031
4259
7999
9491
1168
3272
4432
9889
2118
8890
4704
9106
6884
9311
2884
8198
8404
3371
6030
7782
9331
5554
8753
1365
5964
1620
1105
4021
1567
2007
9959
6837
4974
3475
719
664
4180
7286
4926
6177
2290
5576
9779
3546
9672
4024
6312
8101
6012
8661
5189
553
5081
650
3457
5374
5527
4209
2358
1523
1075
6360
8464
508
4236
4336
6098
2586
5033
577
6646
8819
378
7020
7534
9568
7769
5481
4731
7237
3037
719
2649
7355
9947
8402
6885
5625
5816
9750
8012
7346
5440
6129
1202
9783
8508
5807
9980
5501
6468
4559
5466
9785
7809
8763
7764
5144
4973
3541
4672
8540
3978
4428
2861
4048
9611
3406
6176
1020
1027
7767
4520
1348
9208
9960
6800
7386
1748
2531
8160
9957
1736
1155
7152
9
2188
5672
9483
2261
7095
2719
1436
7868
7384
6241
7207
27
7023
3570
86
1482
9963
3401
222
7502
2417
6112
2862
3770
6053
977
3892
5957
9289
6256
8268
5207
7535
1368
7717
7789
3628
5213
8706
524
9819
3073
3466
4946
4506
7890
8044
3959
7269
4544
6402
9107
3918
2060
4385
9642
7910
6412
1195
4466
539
924
2545
1973
1901
3934
8936
9314
7998
6994
7382
3357
8134
3760
9561
1527
6208
9234
8405
9480
4453
2527
840
24
5715
9026
8396
8654
4329
777
7944
4288
6034
1082
7363
8553
6507
4335
7990
5464
4339
1762
9917
6197
7710
1508
6794
9950
9878
2886
437
8624
894
1019
3540
1170
516
6085
1619
5722
1667
9628
2193
355
9298
5085
5815
4118
237
6655
2868
7685
5677
5137
5626
8999
3463
9838
8287
1981
862
9283
1857
2643
9109
3063
9546
5859
5829
8265
843
1987
7735
8088
8952
7262
9088
603
6992
2592
374
1041
4487
8123
7698
6706
1633
9943
4244
6837
5165
2070
29
7099
2796
1110
5406
6200
2173
2991
5739
9634
6999
6220
4011
2353
4930
2582
6606
6663
6322
7820
9515
1993
2529
3695
2981
3259
9255
8442
6234
5595
5113
4687
136
4995
1675
3452
6812
3153
3203
4620
1112
1444
5724
1113
192
7373
1843
7184
2898
549
610
2333
9664
9485
6327
8021
2699
7167
7776
979
8909
1060
6085
5786
4354
3711
4801
6073
436
5063
2670
8652
5602
3251
2573
6015
8861
2781
6735
9789
5791
1496
4067
2871
6152
3534
1789
6705
6902
2306
3790
790
8112
8629
4038
6859
3375
1412
7875
1601
6522
5694
5620
4052
5612
5571
2830
9009
1540
2439
7354
436
7961
3958
7978
3279
7800
5266
8774
7910
507
8648
9704
7799
888
7377
8640
9608
9011
2084
1220
1833
2049
5609
9271
4008
7818
6456
1380
1923
3098
2095
7112
871
772
370
4186
5783
3251
8717
3704
6281
3279
53
9551
6859
8232
317
1238
2115
5555
837
5032
6452
5326
844
7276
1467
3360
5830
7299
1849
3906
648
7933
5740
309
7008
6808
9782
1791
5474
3430
142
9157
6957
9513
6245
5958
5773
3390
3073
465
2249
3076
38
8420
604
6151
9939
1475
7521
2029
8424
1153
7783
9037
1525
3646
9476
7639
8061
6685
6422
1635
8649
4177
1316
3050
5401
900
7668
8715
2918
7155
7382
4379
3907
5048
2284
6908
7730
9797
3517
4168
2083
6283
4255
2667
3574
3669
9394
9915
529
4772
5372
8389
8446
5495
223
6948
236
7814
326
592
182
4524
6670
2561
2592
3726
930
2639
5437
4924
8622
1480
4430
2275
9493
5757
8181
5069
8014
9289
5383
9510
9929
3038
272
8059
8944
8478
8481
7969
3384
6963
3124
4943
3239
7755
6096
714
3311
8468
7816
1531
1112
6688
8765
9070
4556
421
5444
8890
5628
2340
1427
1224
464
4851
7908
9810
7228
8041
3548
9497
6494
8262
1861
4403
211
6029
2199
2943
8201
8399
1734
9046
7311
628
7189
6000
7817
4856
5432
8256
480
5008
9591
9869
9974
2408
6942
8046
6791
8219
1281
1074
6843
3150
8605
153
9512
8825
74
3442
2212
883
2973
2289
3928
3641
8809
5068
1536
5770
4997
7107
8190
3026
7497
1339
9471
4513
7762
6085
6661
5736
5077
3839
7540
1279
9344
3350
8184
6134
1116
7558
5475
9526
2751
3313
1733
5266
3581
3128
211
8640
6255
3896
5146
3342
4156
6291
9534
7842
1075
1210
8891
7923
7547
6645
1388
7373
8914
5551
8905
8853
2977
2624
6539
6026
2161
856
6059
8532
1846
7605
5241
2076
1001
2754
6057
2822
3940
4412
1047
5295
1303
9265
1867
3056
1495
6711
9175
460
4934
2775
8142
300
814
7604
6159
6500
9158
60
8510
5250
9495
1130
7828
962
1384
8676
4525
1729
2582
2008
463
3916
7088
5006
6954
2484
2974
6442
9835
7248
5137
1794
8378
5151
6197
3350
3012
6521
628
736
9267
5088
6948
2409
1720
8296
2992
308
6027
1632
7973
8684
7642
7853
6850
3686
2733
9202
8931
8354
8634
7005
8023
2100
2579
4688
7964
6489
3837
7515
7949
3192
604
8227
5650
598
2442
5793
5829
9318
3911
6345
1109
3835
8347
4661
8755
4747
6902
238
2474
8867
4536
9639
8796
5505
2716
2326
7767
2162
911
3775
1286
7080
7231
1918
2019
6742
5406
6721
5131
5612
7670
8240
6298
3850
1206
298
9493
7699
507
3597
1911
1152
3834
7985
4035
2365
8777
8130
9576
8500
301
953
1027
6980
1614
3334
3389
6125
5111
4923
5477
4683
842
3799
8937
2909
7312
4622
2766
5505
7118
7122
9983
8606
1059
5185
8001
3677
9006
794
8357
8196
6508
5852
3351
9120
5183
3486
9636
1215
9578
8773
9208
5256
8232
9285
6069
3543
9005
2070
1168
7449
5156
3810
5109
4672
7112
2617
6858
4259
1567
9682
8097
7222
5311
5134
6599
8481
4516
9450
442
4575
6682
6593
968
3526
997
5499
7346
7149
2112
6359
9663
3167
6930
1744
4717
2475
76
7390
8994
1813
2031
6076
9137
2525
1931
6258
7304
8922
5171
5647
7317
9794
1388
7268
3849
2425
8467
911
2293
7907
9262
9539
577
1559
2827
8721
459
9731
9732
8629
8669
6246
4996
8975
7431
3102
1044
2619
3243
7215
1438
8960
8536
9548
1923
8546
7886
6533
2184
3877
2561
4765
8410
6031
7464
6406
5746
5015
8340
7243
8276
2496
3182
4746
577
1964
5945
4765
9533
7407
2647
5636
219
4802
1544
8032
6980
3231
284
7294
2198
8624
618
4254
5145
5343
6857
383
1501
6377
6139
9848
8383
1300
4186
2662
5978
8297
5275
2749
26
9888
2175
8461
1516
3240
5575
5123
1858
1311
9752
9544
3827
5876
5876
1242
6686
22
6184
8613
7822
6104
5749
5534
5721
9573
6981
124
4643
7050
8975
1539
1761
6644
1046
2430
4119
5254
795
4904
7394
5382
1619
5512
4785
8053
1156
7815
9534
8522
5913
622
3803
875
100
2545
5160
3415
1379
4482
5072
3826
9195
83
3171
765
9489
8412
6959
1
3192
7685
9719
8488
1796
4720
3718
3705
2813
7383
700
9646
575
1693
9703
8483
414
9940
3181
7629
6903
6586
2630
3365
8770
6672
1814
9648
9556
7978
4712
1132
6800
1916
7270
4185
4893
422
4516
8401
2147
574
2589
4741
2255
3703
9078
7446
6278
2619
1294
3421
2135
1130
7367
4119
8088
9343
1422
8865
8498
2939
7317
6140
1689
1361
7811
908
4019
989
2977
7443
1419
9058
517
7701
3773
6174
7627
407
8753
748
8479
6585
5813
8133
4024
7438
9490
4180
6286
3812
7345
3445
908
980
3046
3113
7168
6807
4874
4313
3840
6914
4663
3845
3879
2832
3517
6808
8012
4811
9954
3513
3555
4503
3845
1184
6973
2235
9955
8066
4667
4605
8259
3628
3728
2312
6716
6264
2580
6988
3142
4335
3684
9379
7837
6123
1847
8651
2674
3175
6796
9141
2829
2822
4831
1737
4429
9533
8410
9812
4975
9470
3992
1583
1693
4866
2389
557
7853
6018
449
3937
3483
7873
691
3209
6337
5273
6234
9547
3170
241
8303
7498
9430
2281
5206
2677
4607
3298
6900
2396
4363
28
618
9472
8674
2956
5007
4902
6847
5754
2364
3176
8300
5477
2016
9384
86
355
6308
658
5295
2697
7897
5965
1954
4212
8077
6429
7521
8049
9981
760
6538
5919
2196
3906
3832
1951
6562
1144
1062
4405
6472
5622
9870
5150
735
4629
5999
3245
3352
4277
8750
8532
286
962
9571
5611
583
2278
1220
3328
9962
283
4752
7340
139
5803
3553
6622
66
4182
3028
2854
7929
719
7653
224
8644
8372
2611
3482
8122
4872
7970
8356
1842
8574
6272
2147
1305
7524
7231
8786
7424
4202
3553
9654
2802
7149
7586
8637
1027
3221
1631
2818
6596
8967
2612
8351
7682
9687
2883
5711
1824
5630
7217
3262
1593
9380
5306
5680
2471
8587
4325
4251
1425
9767
5426
8867
4302
4637
7535
7840
8537
4455
8922
9341
1101
4290
1313
8031
1807
9012
133
3296
1611
109
5357
199
6231
2505
4775
2534
6740
2607
3801
1888
258
4425
6726
2549
2163
1072
8924
9131
9656
4707
745
4826
5559
4036
7966
9220
8302
7951
4028
5472
5153
7976
8651
4114
1904
7056
9690
7048
260
7843
5520
2403
2552
2193
5681
3200
596
4616
1916
9730
8660
522
1233
6686
8071
6928
8832
9587
4131
3851
8620
5268
6070
9506
2287
6675
2856
8061
9767
475
6652
6333
9902
2410
8789
886
6855
6121
1797
3114
6420
5818
4993
5651
5701
5709
2000
1484
5643
255
914
8956
3418
1775
9374
1601
8972
8110
4019
9925
5587
4339
5504
8991
8919
4760
3311
9529
8621
2548
2747
8953
6920
8614
6083
8575
937
618
6199
9546
8546
1788
7519
551
4473
2374
7787
2423
6408
215
5989
5323
353
3475
1667
2159
6702
2993
9432
3104
2630
4469
4618
9003
3452
2538
6158
3700
2130
6187
8959
1232
1723
8718
9518
3919
5805
125
1588
265
5333
1539
1250
7844
9205
8256
137
1871
7256
521
454
62
7110
3887
6869
3331
9475
2810
9926
6373
9074
241
8205
8640
1352
9849
3555
9945
1915
3944
395
9275
6456
1028
1711
3843
4131
8253
2551
8756
7321
2852
1083
3640
2162
4583
177
9813
2371
9722
1312
9671
7951
6931
2581
1919
6125
625
9522
9176
7669
5706
9300
4001
2549
8320
8558
7916
4544
7792
5617
9843
3509
3863
4749
5953
3469
1968
4993
1172
8126
4110
702
3261
7101
7123
7146
7617
1056
6811
4816
1344
7649
4600
3300
5263
3071
9914
3428
420
751
5770
9402
6270
8367
7684
2271
5758
8011
2863
8122
7093
8521
4091
5493
5788
8238
3173
9840
6810
6532
6585
3695
8774
7331
6773
1598
8489
3019
9158
8117
1310
5924
8066
2967
7098
1533
2881
8180
8178
4545
7704
8447
4173
2631
8403
905
6631
3560
7183
668
5390
8092
5713
8852
5117
2781
3046
4679
675
653
4824
9382
1439
7188
810
3499
6314
8865
3185
8402
9985
4193
4559
6213
9054
1646
1964
9503
5778
1934
1043
6370
2369
9437
3958
659
1626
5973
5439
2195
2513
7689
9029
7689
4762
2497
7063
3739
6756
9504
1336
8412
4016
5937
5703
5919
6701
2592
1673
3817
5650
3557
4309
9573
2231
4395
5388
9569
5232
2942
3780
6325
86
9187
5503
9172
708
9473
8828
7370
1003
2669
1370
5334
898
6677
6692
5602
2926
9026
3486
7677
7642
7600
347
601
9635
1305
872
784
4035
5933
1944
7841
4440
8734
1804
5305
7455
6248
1646
8237
5410
8734
6715
6052
5580
6191
9068
6897
9093
6040
6095
6861
7663
9011
2183
243
7483
7180
4460
8437
5544
3796
2287
1165
1657
5087
9983
6605
2674
4393
5473
7528
8415
8277
1328
6553
9153
7621
9201
9729
3910
469
4113
2239
2868
9250
7325
4231
2737
4281
2910
4741
5970
3545
8079
2250
4334
458
4028
6757
5166
7383
8009
5598
9396
2583
7452
2699
4661
8250
2408
2373
4693
7183
566
4933
1037
9954
8898
8680
8187
1057
3552
7698
3222
3936
9402
6286
987
2147
9287
2643
5738
9385
6201
7299
2503
1304
4658
5869
4557
4995
5220
2370
8421
1512
7956
4789
1967
8517
4666
8187
6683
923
9896
2977
5415
8315
709
1869
8613
9341
548
3869
7207
512
9382
9244
8458
2508
2808
35
4844
2770
9274
5644
9564
7765
2270
1937
685
5794
3321
8403
3078
9978
169
9751
4969
9504
5619
9578
4942
2446
2104
9126
3643
4178
4915
1388
6738
5174
8050
65
9111
4989
1342
118
4860
233
152
3295
5388
8538
1490
4101
4992
6209
4408
9750
8225
1234
537
6090
9387
1224
1878
3809
5097
4562
3845
8792
4787
6091
7330
9691
5473
7752
7939
2948
5003
9338
5382
9585
847
1955
3290
2660
333
4821
9079
8532
1458
678
4571
3632
5439
9936
3073
4484
3318
9812
7168
2292
3137
5423
8653
2469
6367
7109
542
2251
5979
6746
9325
2701
58
9824
7077
2917
6481
570
4843
1715
2545
8478
3804
2145
944
3177
4351
130
6741
5373
7511
5571
5680
8566
9848
1459
8291
6378
2547
9743
1777
9150
3519
758
3378
9317
7446
4971
688
819
9017
1673
7137
816
8225
4209
9697
473
1171
1998
9035
6688
4271
1274
6787
7619
6726
1081
7236
170
1557
6931
5937
74
7186
9152
8474
567
8082
3595
3901
9126
356
9193
6838
2496
4766
3491
1861
3458
6610
9310
8811
3793
1324
9868
2640
5371
9755
6747
2291
8473
585
460
3519
9649
2153
5534
2359
5512
5260
4233
1470
5077
1248
6406
2837
304
4886
5963
8546
873
7934
2741
3833
7173
1025
5662
3994
1730
9179
6670
1174
156
4579
61
3679
5817
120
5254
5180
5150
441
3672
4310
1013
337
230
7889
2934
974
9230
2362
1554
5229
919
4506
1854
7955
6515
5860
4556
538
5908
417
1110
6806
8363
6437
9028
3699
27
557
3357
5277
3308
7080
7705
1740
5308
1055
5637
8106
6383
2146
768
8609
3895
2801
1826
3542
1648
7683
4573
396
6370
2871
8987
4215
7897
9925
263
7902
6945
9567
3576
3004
602
9529
6919
4691
3691
5250
3201
285
2563
958
2664
8432
8683
4114
9989
4077
4904
3260
1160
1526
7164
8940
3648
762
9020
1826
661
6350
8828
4917
7619
4137
5958
7549
6577
4252
2265
6735
4143
3676
8750
6483
8895
4909
9878
3618
1129
9613
704
1025
4114
9371
3607
7957
1368
7954
1383
8722
4468
1573
2336
3236
5442
5721
3203
1993
7404
3385
1497
121
3218
8906
2851
8227
2278
6253
8828
5541
2324
9898
859
2327
623
9598
7525
4101
3815
7012
5503
7607
7238
3689
6481
8495
2569
4879
9141
8959
6636
4336
47
4372
1374
8605
5191
6306
6772
690
6945
9774
3529
2007
5966
4658
2931
7878
2571
2464
9969
3651
8695
855
1952
8573
1475
27
3901
6048
353
2436
6853
2196
2591
1621
504
1174
477
3382
6123
5249
6617
9393
1133
1497
5772
6390
7570
8164
1774
5195
8219
1781
6516
9828
4854
5349
6346
2362
6929
5088
827
8411
122
6954
5261
6975
226
6284
4170
5346
8705
1119
8024
6578
4403
1604
7770
7543
9743
4845
912
1306
1400
6171
5994
6275
2844
2437
9594
3443
7818
2610
6022
3098
3616
5844
1596
4790
2051
5649
737
7178
3864
4015
5570
6742
7599
3131
6652
984
2927
8934
614
9391
2012
1340
5180
8856
9781
4802
7543
6535
2298
4187
9527
3572
1355
536
1522
4991
4748
6346
9015
2833
4453
1941
9147
8097
5925
1571
5509
4255
6454
1761
5093
3072
1323
9402
4494
4743
5158
5166
8693
4861
4839
8831
6145
764
3903
152
7314
446
1699
9547
5935
7596
9931
4309
4071
630
793
8559
7081
1951
1831
5428
7839
8401
6762
6842
8037
1764
1683
1839
7400
8294
3572
5298
7577
280
544
890
7056
3445
2970
6247
878
8240
1999
467
571
5801
6096
2325
6749
6715
3400
754
3962
8581
4140
2960
6693
8323
7120
6040
5444
888
4438
2071
5474
6378
2929
5121
5904
5946
312
9363
2039
3631
1750
5684
8169
5646
7565
6118
6389
7272
6091
1983
3945
6064
6405
5471
4849
5751
9505
5837
7517
9526
6496
706
3441
8504
7687
7090
1447
5393
9710
3762
3551
4222
5697
7610
6918
26
4901
2937
5508
5067
917
3583
4175
1143
8042
7788
7965
3846
4857
6754
5415
5285
2806
2729
7226
4500
7798
7151
4855
6877
9442
2537
8953
5505
3335
2907
5414
6673
6043
5520
4191
646
4042
967
2418
493
590
5210
9295
4242
8269
1820
4391
4040
4364
4606
8576
6371
9153
1789
8837
5474
4871
2284
138
5884
6267
9754
9182
5990
2451
7104
9545
4062
5469
2489
8292
2343
6517
3742
7320
4401
5601
1933
1855
2612
7719
7909
3511
1913
5070
6641
3397
7749
8737
1791
4406
7571
752
9707
5024
7581
993
4748
1383
6903
6596
8075
9643
1592
2452
5116
8831
2949
7736
6491
7300
7676
2938
7684
2500
8762
4223
1646
7323
3305
2661
2437
9696
8250
5355
5314
3041
2475
617
3546
9516
9285
9393
9120
4730
1428
6173
2551
8117
99
3560
8921
923
7508
5257
5053
459
3498
6409
7448
3835
3747
614
5778
636
6708
8480
2612
9894
3555
1856
1387
8397
8347
7033
1372
1253
5968
1078
5556
4513
5088
83
6122
758
8385
4376
4388
6895
9516
5376
4867
2090
9798
7128
2716
6543
999
2770
9379
2689
6025
8409
1094
4445
3599
7087
8147
383
5615
9123
2631
644
5854
3998
6469
6763
5574
6492
8367
6820
9014
7847
8195
954
9606
3951
9845
2813
3398
9399
8277
6695
7154
1689
6749
1537
8356
4409
6650
206
9926
166
308
4437
7505
381
763
6924
2632
6680
2992
3439
3738
9364
749
400
6024
9552
3874
7913
4116
2865
7501
973
1457
6370
5509
7292
8845
8345
6259
9701
7656
8981
9278
70
7615
2819
4465
8558
2586
7792
3339
916
4446
6441
4371
3409
9535
5182
9446
6600
8294
2037
1855
9717
4219
3498
4561
7651
4943
580
3700
6728
5257
7715
377
1739
8539
7046
9356
6230
9184
393
3733
6086
4532
7435
3643
3727
2176
2157
3270
3197
7152
9943
3103
1397
3283
6484
7206
1306
1279
2718
3824
6427
8910
2373
8603
5433
9273
4232
9039
5671
7327
3926
1346
5658
9666
5006
6056
1312
6974
9218
7190
5692
8774
6970
4385
1023
4462
9125
5032
6884
4431
9082
9851
6450
7706
2045
1574
4452
556
5902
6718
2564
9098
1627
7062
2483
5242
1061
4190
8214
1085
5568
2841
715
3997
7411
2154
89
9934
1104
1787
6469
7924
9262
3945
2609
3202
5809
4143
4831
5178
2155
9517
7331
6150
7484
6932
4486
8897
5061
9137
8503
9986
2363
5380
8507
7334
4950
8396
5174
7434
1865
1714
6338
9538
3980
4414
8524
3641
5077
8393
4382
2341
8805
4128
1126
7686
8830
5489
9958
3547
8450
646
2277
7120
6103
3387
8787
312
7719
8749
2329
6068
1972
1345
8623
5597
3545
543
5815
7251
9019
7081
9878
5346
6062
9947
547
1278
4628
9649
9160
1964
3392
9327
1958
6492
2361
5825
5653
1718
7834
9824
6616
2112
4598
9278
5599
6633
8681
1342
3702
7637
2873
4227
1499
6166
1419
3539
5437
1859
5746
4471
6879
6343
8451
5586
1596
7881
468
6251
6085
6484
1442
5257
3638
7666
7330
475
6790
9082
4751
7345
909
5410
946
4682
9072
6035
1504
6938
2567
5432
3629
3160
8464
1170
1406
6146
9533
540
4892
5021
2088
3381
9476
6381
7174
7519
460
6668
6809
3891
8496
8203
2512
975
1690
1667
8282
9294
8128
3638
7959
146
952
7031
1407
3904
774
819
5835
5863
6758
378
65
3231
932
7022
9886
9818
5464
343
8716
5626
9920
7792
4499
31
3014
578
428
2299
4129
9354
1424
3716
7975
2553
9583
4372
3519
8761
8492
3953
980
1319
4661
5796
1190
354
6209
2248
3739
6702
2834
9425
7635
7012
7866
3751
3993
3594
5930
9229
1637
2234
9750
7394
9934
2818
4676
9284
8893
5912
3571
4683
7325
9336
9960
9081
7582
8795
2099
940
936
981
1776
3054
6525
5852
2186
3562
5191
6784
1258
9450
145
683
4813
5473
2962
7974
8627
1794
6451
1797
2244
6187
9778
7344
3261
5554
815
8799
9800
3259
612
4690
105
7619
5345
5034
5061
604
789
8951
542
7045
4297
495
2089
260
3622
904
6784
4307
327
4930
2722
7973
665
1140
5272
6051
6350
9505
7444
7784
5361
4487
9394
1621
7588
1396
3888
2497
3782
2165
6154
7441
1344
1500
2462
7184
5214
7405
2078
2811
6731
8405
3523
508
6852
8040
8414
5328
9055
5461
5563
8167
9029
7160
3199
24
2970
7437
5264
3839
6766
6604
195
3508
3995
4453
7007
4552
4175
4312
9089
3502
7716
4081
2714
9316
1514
5343
9651
701
2150
3216
321
7837
6403
3723
6610
3008
2439
9193
3863
2247
5665
7216
1420
4144
9150
7310
6834
7905
6635
4830
9950
6352
1813
5194
8363
258
4332
4094
3322
9502
5910
5492
2714
1277
2224
1362
6674
1633
3678
3564
7338
9087
6340
6454
250
4234
6493
123
1562
8077
5336
51
4729
4613
9988
9332
378
8377
96
5496
3912
4343
7956
8423
1658
4396
9438
5457
5489
3055
5541
7866
7854
1962
6970
6114
6640
614
6876
944
9084
3043
1978
8490
2709
9505
9411
7124
5563
4158
1017
8035
4224
7067
9652
4604
4117
8637
4067
4861
2419
8190
7694
3176
8693
5661
7783
4312
4963
8584
7598
6833
6666
5221
5459
3705
6391
6248
2551
2236
2994
8067
3099
9008
6327
4160
7610
8135
3583
1604
2019
890
6157
6225
3534
3544
3045
3931
3727
1563
7287
7140
8424
2227
2521
6215
5561
7217
4498
4333
435
4258
8963
4271
5163
5014
3312
2728
5082
9260
60
7654
7104
7820
6963
3342
8440
1840
1504
6873
1095
7536
4607
2046
30
4169
5885
4317
6976
3049
8651
4678
6637
3017
6018
8036
156
1431
2880
3353
2103
47
8656
9590
7360
7910
2280
2871
5890
4163
5276
1178
8722
426
2704
3034
5892
6790
4042
1196
8906
2275
9990
2773
5559
7541
7795
5958
66
8024
6330
6213
7158
6837
3887
4921
3382
765
4288
1425
9598
2645
7275
322
3140
9839
1613
4252
9310
769
3268
2295
1245
8115
3925
6959
7670
8218
6186
1769
7586
4493
5731
5025
3259
2096
5549
1330
2391
9797
3793
7409
7425
9531
9875
1382
2082
6752
5002
7207
8335
3915
7535
1011
92
8351
9439
6216
926
7373
5243
6722
558
4025
9199
7905
10
214
6655
7653
9717
5041
6732
6441
7535
6119
9478
8153
4511
4292
4108
2241
556
8505
5856
4691
4315
9337
8390
9557
9139
8320
1882
5557
6700
4912
8944
7801
2790
4458
2807
4071
2246
5654
4327
4574
1723
4751
7050
2656
4543
7469
3463
9788
3897
1632
6313
1708
7807
1685
8302
2232
2888
1209
5211
7044
4880
2872
6493
1741
4277
4352
6474
8747
7646
2407
9622
8420
1131
3765
7106
9294
2839
6304
9294
9358
794
3106
7919
353
75
6729
1644
7877
3731
9915
5362
7414
4780
611
9720
2353
5913
9628
8109
7206
959
6345
7532
6719
3585
5631
1842
2935
809
1696
4310
9113
9458
8277
5511
5158
6179
5591
5876
1378
4598
7610
3652
1996
7590
8918
2597
7256
8886
7299
402
987
7807
3664
8590
6114
3330
2512
77
6000
7019
1970
4210
6818
6630
1100
1523
3280
8651
3507
7161
7538
4437
9738
5891
4220
2497
5940
6762
8024
7762
2599
1150
9983
4129
8640
784
131
6977
4060
7689
6636
9105
154
4231
9629
122
9419
6344
5474
1464
4995
4031
1289
7158
2015
5268
9306
8674
6226
5656
4307
4687
6702
8310
277
6185
9132
4148
597
4548
72
5561
3327
4109
9356
3769
4302
7442
4966
1771
3617
5037
7913
6475
9370
8459
4077
5548
6120
3067
5124
629
6591
595
7355
1084
4849
4268
4728
9809
8619
8493
6998
3617
6814
2709
763
8331
8009
562
9346
3166
7280
7886
137
4977
2475
6153
5321
3021
7389
4626
7533
6901
5054
1695
3586
4838
3432
2205
986
5417
9771
6993
2156
6021
3981
8076
7723
6865
6993
9469
4609
9191
499
6608
1481
4164
3454
5540
8278
4188
7242
5147
9315
9467
9765
7434
6983
4870
4285
1520
5492
5984
8007
1588
9085
569
9055
6871
3522
880
3820
1864
761
9416
4895
7910
4699
6281
7880
5568
7832
4894
6997
3976
3047
9132
2392
9143
6094
5906
1476
2202
3675
9227
9204
6249
1421
2896
5832
2168
2402
827
6237
3527
7037
7623
2983
8980
3507
7507
5949
7344
675
4373
6514
2863
4560
1051
9371
281
1996
188
1378
9070
4546
8190
9782
4566
7104
6768
1805
6629
6175
6983
8279
1054
1745
1095
7840
9903
3206
5047
8753
3434
3307
631
4723
5603
288
2461
2818
3605
2387
3434
5610
2048
4430
7436
7649
125
2858
1884
7777
9490
7727
296
160
9984
4249
315
8365
2649
2088
7880
360
4912
1220
854
3855
537
1627
7637
2081
47
6857
7375
6721
9332
2387
169
121
2179
2656
8584
7624
9201
2676
9617
4986
5170
2682
8185
5490
232
9101
8411
5078
4742
5683
328
119
6083
6599
24
2092
2635
2561
1918
7738
4335
6452
7034
514
4763
2804
3849
4487
840
4546
7015
6154
2888
7446
9636
7636
6079
6760
6707
5247
7970
6299
7327
3633
8183
4854
1721
8711
3884
9183
6861
5274
6595
4150
3267
3472
3547
2908
5009
5217
7274
9727
413
1444
6262
8691
4415
7110
5459
3966
7653
5031
5398
8463
2049
3729
9833
3516
1901
1813
5655
7016
8495
9204
935
7597
1047
7206
9909
1563
8405
9499
8875
525
9719
6972
3120
9444
9456
6573
9703
1362
2325
6497
8808
9173
449
922
763
3791
3528
7132
3296
7150
2120
8732
5980
7340
9259
8938
4638
9685
9401
4392
5920
1664
2171
1494
937
1085
9690
9276
7199
2954
5110
1827
4122
2449
3186
9680
4627
2865
2653
8670
7659
5607
2284
2199
7416
8088
5874
4670
3194
9646
9233
7324
8716
8526
1162
4086
5158
706
8577
5719
5295
4855
1404
8623
6112
7573
9354
7720
5508
230
9536
9744
3291
7813
686
5160
6014
4117
321
4744
6253
155
9441
9916
4067
8825
4171
544
3531
9863
9785
3139
8844
2064
6460
5003
9168
9654
3548
7301
7218
6595
710
6486
9094
1486
868
3971
3906
7382
8603
1018
8986
7758
5022
3772
3930
7797
2527
199
1244
3585
1286
5059
7209
8711
3994
617
7020
3129
9612
1851
9346
5324
1795
916
5022
6341
7041
2237
7657
5440
4629
905
8326
5981
9754
2766
6884
8712
6509
7121
188
8754
4251
28
1306
929
5817
1790
9353
8273
6653
3775
9735
9301
4090
3646
7736
3022
9577
6410
9446
4647
9826
2777
8149
6619
2954
2584
1669
4179
519
6192
2673
2880
4366
7713
3700
6849
413
958
75
9970
5509
1364
8997
8433
7327
6280
407
2510
8288
8717
1405
4238
855
5646
4203
2188
1923
4990
2721
5373
9937
1689
3853
1294
7938
1479
5210
4620
8892
9277
710
3008
5591
7583
7121
5285
1608
6966
529
279
9786
4778
9138
9210
8183
1164
9659
7828
3239
3939
6829
408
1712
8161
4836
6496
427
2785
4448
7558
9879
1647
4509
5983
6775
8083
1981
4181
9270
6588
6600
8111
619
2197
4490
7727
1943
711
5003
8951
7051
4539
5436
4153
2967
26
172
4170
3421
3011
2106
8259
3556
2200
277
7268
9785
7445
6304
5604
9471
3645
3505
7945
7319
7363
456
2864
5003
2099
8541
7402
7252
7499
8066
4500
2411
1721
7639
5937
9437
2642
1821
2550
3815
6795
5026
4049
9857
4648
7595
5015
5399
6943
4192
1625
5874
9704
6160
6050
6022
5955
9366
9712
7604
4662
7747
1948
5296
3858
4315
9591
701
5041
7548
9699
3075
9630
936
5324
7139
2176
7220
4257
4321
612
9096
5395
2576
503
327
3081
668
2541
3769
3868
6465
1793
6612
8230
6585
8985
474
2434
7522
1236
3051
8816
2653
6723
7498
2424
2003
2594
8925
6440
7442
2482
6335
1099
773
3636
3056
9128
5522
1075
6812
7364
29
5150
9032
5669
378
3362
5048
9509
3344
1184
8718
3263
5657
3648
4318
6329
8165
5105
1101
701
6238
5595
6119
6854
6166
51
9615
7140
3788
5851
3569
6331
7950
4500
7635
46
8488
4688
9995
3860
331
504
2378
4101
25
6487
38
6035
9773
402
4709
6807
3191
4020
4997
6998
5301
9577
9960
4416
6397
1079
4845
8790
2887
5317
8618
2437
5271
1385
3381
2643
3527
9233
1090
6949
452
2445
8279
5594
9007
3863
2379
5976
8068
2753
668
8817
855
2826
8384
5281
1274
4540
1492
1687
8779
1893
4528
5374
3370
8639
9627
3495
9065
3214
459
6932
5036
6390
1460
3155
7647
6919
7634
7077
5879
7318
1090
2314
9168
8665
7002
7339
3526
9838
4137
7460
1296
7064
9993
3516
5846
8712
1169
402
4595
6692
6935
7990
2581
2582
3523
9489
2801
4868
3390
5281
8500
3815
1577
1093
9973
6250
9498
6658
9206
4753
705
7216
1465
7299
330
8644
2734
5430
3627
7002
2954
7542
5628
3918
980
5041
4182
9463
6602
8530
2612
1617
7168
552
7958
9126
2968
7218
2229
9113
5405
2793
5569
606
8777
5226
1333
7273
343
2814
4284
321
2515
872
2989
2833
13
1211
6546
7595
2764
1285
3511
8633
4975
8236
3133
7810
3886
3380
8414
3493
3920
2602
2026
9620
8422
6831
1008
4480
7812
7892
3945
2077
7120
1743
7839
659
1331
744
859
2896
2652
3586
7851
6957
8356
9049
9682
3243
2812
2692
5097
8057
1378
4215
5475
4598
7987
8681
8831
3053
8170
4940
1286
2050
6486
8014
2548
1687
4058
3803
2548
1323
4430
1101
2036
7024
5875
8865
1416
4871
5636
8023
4954
6026
3752
4118
4495
390
7348
8857
7892
1555
3004
9450
1527
898
3226
6906
5394
866
151
970
5459
8590
4551
3977
6711
8054
7890
8234
3684
7049
8716
5136
3702
1004
8149
3497
2625
3930
4380
757
6341
5959
5279
690
1120
1538
2350
2502
365
5863
8078
6311
4794
8703
9625
7850
6439
4085
8914
7574
9786
2789
7478
8884
5872
8498
3710
710
1582
3828
8449
3313
4533
1949
2119
344
4996
1591
5512
3446
1655
6396
5442
4632
782
2849
7802
9620
3304
4415
8985
5594
6270
4207
2008
5910
4556
5618
1543
7887
6234
2074
9718
3120
8649
4441
3031
1632
1720
6276
426
8751
8454
4147
9800
2959
2050
3063
1468
6860
6127
4889
6907
6394
9747
5019
3748
9211
6558
509
1875
2697
1832
6127
7999
2998
7315
7774
5395
4509
1072
7917
5978
9332
765
896
435
7025
3244
7208
2292
6454
4415
758
7083
8154
5295
1630
1888
966
1643
1738
8486
6952
2062
407
2960
6103
6585
1360
6208
4053
7776
3062
8859
6714
929
9128
3608
2930
6126
3301
167
1461
3468
379
9870
382
7316
6266
1935
6411
9078
6587
6709
1184
4062
2519
1037
4712
1439
469
3922
330
9547
3507
3184
164
7124
4367
8762
2038
6685
5987
6375
9917
5978
7788
2935
8154
8343
4117
4660
6799
9908
9173
3300
9845
4013
1825
2890
1725
5767
3407
4652
3345
7510
9528
2463
6534
2572
8233
1982
2689
8429
4247
5258
9155
8430
7996
6139
6930
299
8050
5605
5285
295
3963
5286
5179
8062
8987
8507
1433
2407
194
9426
4878
3765
6074
8315
1109
8477
9577
1223
4455
2625
7587
6323
9354
2235
1040
9182
5049
9110
1797
4821
8257
3301
866
5151
6182
4759
8791
836
1248
3538
4932
9450
7285
7676
6571
6007
5876
5497
932
4202
5435
4735
2541
6869
8838
485
3340
9123
5989
1898
4371
2711
4056
785
9374
6069
9882
6218
2187
2729
3511
7484
3303
6869
10
7423
9825
9449
6920
7078
3853
4539
9395
4137
7640
342
3324
4977
4291
7966
3832
108
3886
8817
4558
7392
1570
8873
6890
3756
4186
527
9201
2234
8239
41
7649
3105
751
1236
6404
7655
2410
1373
2418
1812
584
3432
9615
3313
858
5652
8376
3455
9916
9398
3077
2901
8659
6258
4684
2257
2985
6360
8082
5359
9906
8762
9374
5927
2441
2156
2044
8257
7324
8180
6443
8740
5650
801
9476
1820
5765
9336
8039
8985
3359
2554
7971
6532
133
7889
562
6989
1178
2633
6287
4303
9250
1291
9909
9877
308
3861
8341
6854
6378
6005
4339
8476
5992
4772
782
7587
5447
6319
8762
3532
8493
5665
9852
7041
9035
5453
9633
3875
1843
2390
1147
6719
3171
2289
7274
7727
4722
9234
4354
8940
3830
356
910
1393
5376
6421
6146
9036
3365
2445
5301
5885
9833
2383
4371
4641
2698
3207
9773
7624
8598
1044
6171
8338
2314
9711
9376
6696
329
9577
2424
9207
1381
756
6257
4039
5613
3400
8818
6553
2258
2133
8508
4240
9415
8168
5100
4247
9574
230
2554
9664
9593
7637
9746
204
1419
6394
9261
5734
8444
8541
5194
2505
42
6665
7902
2866
7075
3616
5941
1649
3524
1308
2179
2409
2412
8079
1036
3255
1410
7228
8316
1231
7231
4638
8453
7777
8650
8710
2723
8939
591
3826
877
2264
842
7945
5274
6726
6806
6723
5548
5237
6477
9253
1422
3083
4106
8650
3254
3349
2595
1517
9095
8024
4652
5508
6807
6694
3834
726
2823
5884
9718
6444
8580
9127
1849
7909
5528
4550
522
2276
8222
1739
145
3237
5185
8092
743
5661
8079
1430
6604
94
9343
9201
6069
1737
3500
5118
2032
4750
7709
4556
5253
4223
8355
7994
7675
7412
6446
7463
7747
7463
604
3254
8597
6655
7471
8414
1606
3162
4810
9037
8675
50
3560
2396
3852
4019
5017
7085
1552
2659
745
8497
4080
9231
9423
9750
5299
4215
7023
7709
3542
8928
3564
362
7981
5480
5550
8485
2395
7590
9019
1022
9226
5198
1718
3085
3127
7348
3729
4327
5405
7257
5711
5485
6172
2961
3931
5038
6965
5157
5006
5660
8774
4035
3169
9484
6029
9043
3072
263
8762
9477
5943
9886
7157
982
5244
9162
5001
5794
2680
5569
8028
2659
5379
5141
4380
151
7259
966
3863
6431
7665
6472
7926
9876
9952
4031
9752
6421
3963
7926
327
2011
2145
3008
4841
9245
5391
7014
7174
5791
5667
8638
8400
4709
1385
3484
3475
9302
1972
6211
5115
3836
3146
6580
5453
903
5452
359
8307
8097
7569
455
8503
2732
6334
6488
4746
9400
9332
4708
1426
737
9414
8418
7358
3124
4773
872
5927
66
8185
7159
7558
6670
5071
9845
3308
2416
7178
7513
7697
4044
3511
1326
7500
7484
1153
4586
2348
5930
3229
4793
6721
2474
4819
1138
6714
2724
6074
6075
1644
9215
5951
4344
6235
2409
6770
8943
4328
5379
7069
1767
2407
8153
7105
9727
4556
9264
6958
6715
2434
9463
3167
9736
7
432
1937
1793
936
984
1470
3738
4324
5250
4873
3562
271
4226
9704
5590
1254
1684
4857
3079
2521
4365
8003
1470
8874
3098
1034
5438
2641
1477
9150
2391
873
6582
5089
7091
3211
5621
4835
2441
3668
3341
5740
8095
2166
2924
5989
5069
5240
7096
3987
9165
1547
1980
4817
6958
5194
7583
2441
4727
4972
7157
9918
8152
5658
1823
2537
7757
7719
9310
3166
732
1489
4453
6683
1165
2467
7948
5229
7705
9204
993
9598
4187
416
5369
6735
8036
2432
9620
5949
6651
2664
8254
2595
7680
1902
5489
7228
4593
1826
2680
2484
9302
3550
2095
4058
9479
8811
6582
8164
1118
9709
1092
1087
5895
9613
1928
4640
5412
8833
5931
7964
6300
8681
2193
3969
4019
2121
3439
5743
4853
3534
4438
4279
6412
1791
3117
2446
7010
3042
3981
3549
1184
8151
7669
6601
196
2885
7262
2874
7665
5711
489
8826
689
499
9429
6731
2037
5215
220
3733
1421
6032
8829
684
5938
8632
7220
1130
7041
811
5045
3870
5539
5078
3705
1168
535
5437
3887
9679
4609
6896
7779
2506
1419
1929
5292
4519
6857
3684
1710
6851
8651
5867
8464
7479
556
4365
6729
9699
920
2091
4420
9689
2266
5695
1698
2297
9170
5593
4590
1813
8454
407
6555
1872
1200
8528
2650
1096
5557
4701
8984
1820
5621
9028
7188
4876
9182
5683
6958
4716
3323
4166
3739
4
8298
9316
3829
3799
2443
812
9312
6078
7573
3944
3911
1217
8723
8283
9204
2801
8667
3340
4558
1236
494
7823
6429
3438
8731
9180
7801
105
8559
6351
7008
1361
3127
955
551
2367
1590
11
2904
1375
2657
8967
5369
9888
9272
5759
7341
679
479
8039
6212
3792
8779
4031
7118
9539
8376
2350
2124
239
7158
9083
519
4742
8453
4151
3338
6148
117
3882
5594
4972
2640
8712
4343
6833
9923
7056
9578
5742
4567
7137
8590
9300
9870
969
6043
7838
3529
7660
109
1457
807
3789
2787
7557
9495
1340
6948
3370
7806
1388
9868
1993
2196
1024
4915
1657
6953
9169
207
1339
6341
350
5216
8194
2077
7233
7641
594
6786
9658
4863
8996
6611
2667
1609
7059
5202
1822
1111
5542
3028
5334
8975
8186
3474
7009
6691
235
1485
4631
2399
6768
6239
7811
862
4896
2284
3002
5756
228
8726
9628
2085
9515
7824
1814
7612
7108
6218
98
2809
4475
5340
1276
4698
5091
8590
3569
8378
492
8979
7846
6238
9762
4406
3090
1756
2002
445
2618
9079
5193
7434
9751
4789
2810
8497
1701
6689
3516
3635
9914
9740
2942
8152
4561
5791
9304
8108
6339
4507
3679
4512
8594
9377
340
4385
1905
4254
2923
1558
6066
5486
3683
7875
2925
1938
2646
8362
9098
9868
990
225
3148
7894
914
862
9082
2034
8732
6639
2859
4284
9337
9879
750
6860
700
5459
7635
3112
2655
6794
5800
6534
3239
6338
3860
8623
5010
7744
1754
9359
5952
2199
4523
5977
4619
5522
8491
1800
6597
8076
7918
176
3181
2844
6414
2626
3773
6703
6988
1054
7810
477
3408
2739
7369
2046
8655
8274
6435
2005
4665
1921
2709
6282
7515
2875
5646
3910
1959
5908
533
6183
62
7563
8543
228
3496
1000
5114
7002
2480
4292
6666
1636
7966
7000
8061
1113
114
8158
3260
6848
9898
404
2800
142
560
6559
7455
7392
1459
7963
9570
5636
5825
5072
9924
6529
9518
6465
4409
3112
1539
3807
6584
9506
9653
7994
8023
1192
4385
7991
3793
5842
7074
604
5943
8007
6334
4264
1936
3395
8179
849
5134
311
4985
8805
9151
3817
6180
7762
6524
2876
409
7169
8882
5499
1530
1836
6106
6847
496
5361
1415
1649
228
3726
2252
5992
9450
4940
6087
3859
2218
4297
3710
7427
4492
1581
8117
7152
7440
270
3256
12
3047
3423
3643
5476
97
1699
5164
1826
3924
9663
4097
5696
7093
2254
532
5447
6407
4846
7784
4901
2365
1319
8934
9885
2605
8092
2489
8440
4692
7434
6386
7690
9280
4861
9272
3072
4957
7586
6735
8421
7775
279
3236
1667
4761
7791
4451
4118
312
834
1798
9260
3744
4768
6154
8105
6976
9542
7279
2311
68
2105
2236
1931
663
8208
236
8611
5507
9598
7225
7499
6935
7724
7827
8270
1411
9606
6413
7098
7731
6780
5733
9964
7174
5592
8446
9931
4970
4191
1628
7584
6709
2464
2267
147
2898
8106
8603
4737
7543
1227
92
4553
9823
3506
5251
7702
3481
6086
4726
1254
427
6879
3370
9610
308
2034
374
2998
1437
1035
979
888
3627
1507
7747
4901
3237
3792
4714
8447
8780
4379
6702
9251
8651
7677
1175
5150
8076
5011
6834
9184
5589
8321
8184
3433
8461
8771
7798
4095
495
4798
7400
9394
1194
7461
5991
118
5394
3351
8813
2544
6055
9029
1425
7356
1887
1313
4051
7643
707
387
9365
4074
947
3653
5907
8125
5463
4158
3665
42
3123
3244
128
9346
8389
6826
3389
7099
2030
7633
1942
8088
9675
6347
8106
6970
9552
7634
2508
9471
1088
4567
6946
7737
9195
639
912
794
5140
2136
1613
1099
7693
265
2495
188
9857
5639
2696
8389
4862
1764
508
8971
9454
6465
4429
8207
2736
2645
6389
5888
6024
1286
3375
8481
9183
9107
3523
837
7288
2116
5548
5078
7265
2233
5304
6116
9186
5248
9003
6875
9637
7122
7264
7486
9649
6076
1294
720
8661
2524
8802
4449
7662
7745
3311
2405
1957
1765
5614
192
7112
8935
4339
8318
4403
1072
7535
5247
4827
8888
7148
1903
9559
3745
8808
2020
9243
5248
6448
7361
5234
2428
9240
2743
6119
9503
9973
8874
9792
4457
920
5698
3608
9156
5191
9256
2760
3171
9977
8784
4001
9251
4269
9687
3576
1315
5847
337
3006
1376
8537
1221
8699
1097
2986
9173
1943
6050
662
4005
4660
5235
1602
3340
2364
16
4010
6280
4290
7972
9705
1452
4647
6854
8275
8037
540
2462
2674
2154
2367
9521
4588
2465
532
8631
1725
2959
4833
1070
982
7511
6998
1799
3314
4612
3655
5663
1633
3458
4183
7688
195
2998
899
7509
514
5245
8920
5461
5772
6482
1665
5414
9676
9353
4849
203
5844
1657
9498
9880
6889
3799
1192
6810
6523
9357
1310
6035
4336
7849
602
7635
6060
5298
8358
6131
2718
5317
6158
7483
5274
1917
4202
3908
9087
7297
4119
6455
6996
7896
5878
467
2740
9239
5840
3582
7138
8011
7812
3043
3035
2930
127
5930
9639
9716
1143
6821
5195
3567
4532
902
2847
5216
5435
7390
5479
2109
4441
1728
5184
1871
2856
3604
2568
7341
6257
6696
9882
4803
174
1265
6645
9953
9082
4623
6809
3712
7784
2110
2125
5872
5581
9193
5135
5645
2459
5993
6665
3984
74
5323
8684
354
117
1151
8316
9035
6223
2172
4488
5880
160
5825
8724
1770
6912
3031
5589
7707
654
1187
936
1116
2109
3191
7279
7626
6844
5064
3801
6624
7536
8698
2269
5797
8769
599
2227
165
3870
1743
175
1102
8109
6680
5563
6353
8963
6967
319
7544
732
5399
9472
1623
520
3302
4690
3611
2003
6192
9371
9791
1647
3138
3670
3149
1999
3344
4305
7617
4098
5619
5651
4281
5578
1018
6621
9257
8745
4753
396
2620
4951
1919
1016
5156
5187
8409
4909
8082
9459
84
9235
657
4793
4984
6460
8397
36
9200
3945
753
5008
2189
1049
7342
635
3834
1008
4839
3109
8203
9167
7849
3347
5502
1702
313
576
5332
9603
8965
4097
6649
4341
348
2739
8750
1298
5769
1364
9096
4865
3514
8282
9858
8084
2672
3988
9325
758
9935
5147
7671
1981
8597
9732
8537
1996
6184
9877
6747
8408
9335
3729
2338
2037
5746
3522
2282
7116
4902
130
3214
7851
3456
9814
6628
4857
5875
2104
6934
2052
6421
6367
2075
1561
3907
2301
5412
6111
4469
437
9650
3729
1949
2230
1988
8934
968
313
9790
1615
3831
7107
3654
3980
6039
759
7368
8059
1308
4811
5386
3230
9885
1989
2041
4424
936
6691
706
6436
7750
4884
8765
9393
9481
3477
1571
3246
9506
9131
7056
4526
4784
8602
3347
7544
2339
7889
579
638
590
4611
4076
6152
698
2002
9911
3677
4039
6265
4407
5757
6557
1638
8480
4733
417
3186
9090
3263
9812
2287
7907
1822
7557
4461
5994
4035
7287
3432
8375
7815
4973
3042
9873
2598
385
2504
1927
2044
1412
4980
7304
1935
4367
6767
4447
6040
3353
8032
8149
3551
6017
4902
4874
9170
9339
7534
1294
5009
520
4209
7738
4906
8797
1468
3852
2124
390
2813
2687
3850
6387
5464
6233
8478
576
5107
1822
8166
6819
4564
6961
7152
207
821
3835
9982
5765
4129
2964
6246
5994
4846
4030
1737
2211
2695
4386
5902
7900
4740
2722
2762
3577
744
189
5678
2212
4487
5873
3372
8597
7026
9210
7527
7248
657
4585
7175
8423
5115
7584
1030
9488
293
4969
6042
6866
7813
7462
3903
8665
3041
228
3088
3321
7545
1961
8722
8223
9342
172
5854
3250
5101
9283
3544
1048
7452
1751
8704
8054
8688
4341
2005
9600
4169
1326
1681
3582
7530
1597
4293
5919
4393
2152
4001
8151
5807
5088
1648
6148
140
3507
7166
4430
1514
4897
7975
8909
716
9883
2222
5269
1220
7495
3814
4732
4654
2672
5025
2988
7788
795
8994
899
9422
9556
3793
4983
4493
9046
4746
424
9365
1674
9906
9310
2125
9623
7288
6353
9140
6168
2564
4136
714
1499
543
6281
4328
2565
3214
1774
1741
3859
524
2169
3142
7739
6930
142
1736
5297
1462
7663
7085
9749
4302
5765
601
9034
9279
2762
4392
850
2950
5987
5511
8836
7586
5114
6731
9712
6237
7339
3329
7417
7701
9236
5859
1457
6683
9167
7620
5074
2262
5324
7544
2072
7525
3575
9107
4989
7664
2073
2525
812
2665
3387
2894
3351
4805
4245
5932
340
9937
2628
6142
1522
1810
2282
3307
570
4189
6879
7652
3584
9888
4661
1691
5288
3083
5673
6271
7189
8030
645
2117
4508
1153
2563
3892
7928
5738
9388
4573
199
3662
6671
4933
4370
1511
7117
9953
2409
5806
1152
3469
3229
2518
5292
8969
5575
4949
3278
2240
9221
1695
2881
7206
53
4944
8703
1629
5082
9174
2884
3172
588
9785
3423
5149
2428
3736
3426
8009
5524
5953
2488
5171
6765
1965
7574
7750
2586
5286
394
9947
5522
1861
4960
2355
6427
7356
6884
333
4610
1245
3745
4244
9303
4341
9944
6856
5092
6041
8364
2200
9326
1883
7290
9817
9621
5065
9431
438
2038
5970
8417
7108
2831
1206
5399
7231
4194
2905
5988
9783
2259
6227
2951
5921
9388
8471
4782
6683
2992
4942
7905
7648
5931
9487
5051
5332
7544
3054
3682
2749
2301
2894
920
8206
4321
2836
58
4017
3102
842
1909
8655
7345
7052
1097
2975
8207
1922
1094
2410
7041
3003
3539
3399
4255
9138
5725
1512
1531
7664
7004
367
3300
6765
1506
9790
108
8900
5868
1738
5427
9635
2667
4939
3154
5340
6828
3811
6083
1131
1731
8264
7629
7315
2263
4592
78
7031
9126
5368
5506
6962
1401
3297
7648
3860
3475
6695
1379
810
4419
6143
789
4345
7528
2669
2759
198
2212
9455
9038
997
5545
8282
6440
4972
8145
2975
3645
8578
858
4649
208
8986
6237
9605
1251
1638
799
766
3482
5354
609
7317
3064
6831
6162
8442
9271
4912
1477
7449
19
6772
3773
2259
4501
4392
3652
8776
7822
3528
3915
6510
1721
1338
3724
6737
8051
4184
91
6727
54
5000
4811
7551
3361
9545
4493
4245
2563
6732
4114
5156
710
4237
3042
6121
4073
6476
8918
1855
3926
2188
7775
3421
1746
5880
3209
3160
9634
1565
7274
6086
1515
1512
7397
5888
498
8636
8827
1827
8546
96
401
2436
8187
8099
5884
2989
280
6077
6169
3273
7033
4451
4905
8935
8735
8566
4329
6638
3574
9145
6448
9134
6364
1869
8530
3870
2960
3468
7506
7976
4918
2126
3044
1037
2967
1386
448
6918
100
3293
8450
8024
3547
6144
9358
2339
9955
601
4368
135
290
6225
6034
5796
2382
7501
9512
3485
3071
4379
949
8631
4051
9547
4896
6996
2028
5895
5952
5558
1364
4273
1748
1714
144
1832
80
5043
2531
277
962
2584
9449
9096
7923
8219
6036
9467
3849
7135
6979
3215
3688
2965
5886
9899
1032
8811
6751
5390
7346
8066
2490
1709
8709
4874
9437
477
7125
6796
3650
4367
771
1747
4081
5315
4167
5048
6386
3306
9881
1705
2401
4108
7504
8998
2666
4034
9602
520
2308
5266
3002
4781
8714
4021
2919
9332
1604
2022
7169
817
9748
9129
1606
2894
5981
6981
7363
5551
1662
9839
7726
3696
1355
8661
4784
7421
9916
212
6096
4062
6431
503
666
380
9
9644
2079
5876
4506
7764
166
3464
7567
8295
656
1324
8016
6050
3161
3540
4921
7518
8715
6567
534
2334
6636
9663
9256
8661
983
3024
1396
5489
2808
435
2651
3656
4577
4911
8948
8957
3434
8098
533
5135
9685
4481
304
3247
9311
6682
4282
604
5379
226
7607
4412
8392
3216
1233
6665
2523
4741
8344
4837
8455
8870
8019
4092
9408
6519
3236
7317
6864
5382
666
5140
5513
4145
7056
1711
6697
197
4803
4427
3115
3541
9744
1746
9993
9443
6220
4243
1183
9166
3613
2551
5244
8824
6805
4123
8562
2
7488
1983
6508
8710
6755
4681
6527
2801
9060
8839
5145
3115
5064
7424
1574
7108
8903
9861
5522
7709
1676
5769
8297
3408
2136
1113
5385
1581
8695
4058
985
1747
8170
8399
2003
1479
8867
7460
6236
7379
2240
8266
7589
3502
4462
2830
4778
1876
9454
3240
3976
5634
2197
3117
907
1280
142
1762
7124
8091
154
7310
9962
6350
6856
9994
600
9500
6559
7863
2980
9885
4679
44
6288
9907
3304
6459
2969
1671
9739
4735
2829
1077
6620
9221
2618
257
7489
1971
9297
308
4052
9833
5593
8775
156
835
1263
5242
3290
5768
6555
6338
4191
6498
1055
3533
7403
8474
8600
8755
3264
6047
9191
3083
8037
8691
4281
2519
391
354
8674
669
89
7184
7161
6930
1164
2030
9149
6405
3593
137
8293
9766
6235
8847
9412
3105
1691
1374
8523
2459
1123
971
4697
9016
1811
5196
686
3526
9986
6195
4877
5849
2588
4103
5071
6356
8426
9104
9205
4305
4816
3935
8181
2589
2255
5992
3477
1283
3867
8333
3142
9907
4054
536
4344
3359
6379
7668
8971
6306
7783
1801
901
7709
9922
3602
3616
1551
6428
4060
9211
8609
1490
5134
4368
1979
4847
7712
4182
6470
6127
8553
4477
6175
2079
89
9062
8245
7584
2447
1157
1647
6011
2200
1087
5949
9534
3045
7901
361
9013
6535
1939
6345
6035
5514
650
4741
7935
843
8441
4415
7868
3111
2003
3828
129
978
3049
1997
5799
4129
6512
8466
9297
9412
7533
8764
1893
7972
5133
1477
6200
3284
4994
5375
2217
9079
2823
6925
5411
1758
9332
6146
2822
8636
1181
1892
7599
6888
5909
9276
2932
9774
2752
8190
4092
1491
309
623
9915
8322
2882
279
3947
408
7883
3205
3045
1912
1946
2025
5855
8172
1786
3810
5280
2410
7871
4213
2143
4766
1308
4902
2218
2633
4248
3094
9426
7894
4219
8986
8387
1589
770
2387
8113
3094
1362
6495
6029
9891
2953
3084
3832
9962
3183
5556
7231
8966
7196
1706
84
5001
1268
8207
605
8296
4477
2176
5269
2211
7601
32
6033
4591
1839
5678
557
3378
363
3203
981
6891
5574
554
7264
6603
3112
7500
2694
4452
2074
1415
2834
652
6144
2010
4866
6829
5603
160
603
4173
1341
9686
5818
4070
8285
6234
5797
961
1899
4595
6112
2611
3318
9607
6924
7268
1544
141
5674
5191
6059
7584
9117
5115
244
1308
300
5454
9470
8504
1671
6185
5314
8928
2353
1436
3234
6413
6140
4870
4789
3427
2227
4672
6652
3192
928
9303
3603
7276
8142
1317
1396
3993
4008
7899
5845
1864
5872
9917
3025
5901
877
7258
5044
65
3083
2566
9568
5082
5494
7110
1533
9289
3185
1143
9646
5359
8768
4907
1806
4893
1511
4593
3144
7495
9321
9648
9190
3235
5586
3695
7042
5492
5056
7940
8632
6350
7516
7288
348
6325
1783
4452
5784
1991
127
1802
7166
9522
2113
641
5708
1619
7320
2254
9453
1052
3507
7292
8539
2513
1701
489
1843
8608
7910
764
9169
5130
9159
5670
8858
9378
6147
8692
5481
8481
6432
9150
2833
9684
1493
688
3617
9155
6822
5858
4261
9614
7370
2789
1497
2502
7966
5357
8344
8069
9106
3574
7555
3659
9281
3188
7662
7974
6158
3163
2532
4029
9961
9783
7530
249
705
7401
897
9664
6132
8031
3445
9264
370
5759
2499
1557
9968
5632
1383
9895
2136
5540
7155
67
8781
806
5403
2675
9596
8524
6397
7997
2638
5513
8671
6917
9802
7490
1153
8688
9463
7882
6097
6502
5311
5117
9709
4211
5632
4933
242
794
1548
4300
6964
5238
6480
2991
6263
5455
7521
6828
1385
7541
5298
5928
18
1692
1202
8206
3060
1365
499
6071
1949
4324
4565
4611
1947
6163
3649
2370
3359
6898
1634
4018
5802
6329
7277
1717
3508
1725
4385
6494
9739
3882
825
6919
4024
5331
4527
9970
1966
4995
1979
6779
8524
319
1160
998
5026
7354
295
4970
6448
980
6382
8089
5833
2816
2136
1787
2054
7313
4736
2038
2087
8512
1736
7948
4853
5661
771
8321
787
2335
3427
8392
7139
1561
6684
585
5541
348
2424
7056
6697
9027
756
4661
8998
9727
6311
516
659
5727
3186
121
5442
3739
2275
4330
7437
2525
740
9344
1080
157
9664
4738
8630
5176
9590
6784
3000
3964
3174
1914
4976
1779
4312
6795
2771
4345
6428
5093
6637
1179
2043
3050
9503
8574
8733
8388
8163
2121
116
4546
704
1377
4886
4095
1577
159
4904
4016
7647
1407
1413
4042
5863
6440
1422
1790
6951
99
6891
1459
5753
9194
4783
7790
4162
4494
5098
2799
3484
788
1369
5563
4367
9742
8472
4274
7551
8642
6103
2749
3919
9993
7290
9238
8403
5238
8554
4211
4355
1088
7849
6400
43
3918
8259
9592
8015
7359
7871
6448
5436
7251
4309
9136
4410
1609
4346
3598
2382
4645
1095
9001
2299
781
8936
2432
216
2273
8032
9965
7149
3925
9641
7521
5399
2077
6969
4780
8075
7444
5264
6121
7095
9720
1598
7572
5412
9461
9490
1609
8216
7804
5900
4986
3160
1696
4340
653
6794
8158
2500
3136
1544
8326
9888
2778
9792
6330
9718
991
7785
6578
160
9775
5761
4281
6423
9227
4449
9815
6001
6597
658
940
3259
3396
9000
2310
2481
8337
6044
1183
3290
6577
5416
7719
5986
7887
3964
809
5759
7380
5293
6908
4756
2118
7837
712
5251
4602
2470
5443
5021
7336
2111
1656
7174
3642
6913
1170
6116
464
2483
1562
9238
9843
8898
2379
370
6003
6397
526
1302
7696
972
5959
8831
5282
6160
7019
7352
4341
373
348
2314
5412
7493
9667
626
4448
1206
8569
4641
750
5859
7858
7773
9003
3289
6919
2948
812
1704
3902
2000
7094
5193
1559
3478
8166
9710
6805
8313
15
4452
6232
7596
686
6150
8979
852
